-3.311345577239990234e-01 3.993350546807050705e-03 -4.501631855964660645e-02 5.324012041091918945e-02
1.086660027503967285e-01 7.321774959564208984e-02 1.491540074348449707e-01 4.370889067649841309e-01
4.436671361327171326e-02 -1.597653776407241821e-01 -1.908962279558181763e-01 -1.163285747170448303e-01
-1.698041409254074097e-01 2.415478527545928955e-01 2.583735585212707520e-01 -1.663612127304077148e-01
-2.049473822116851807e-01 2.417470216751098633e-01 3.147230744361877441e-01 -1.439976245164871216e-01
2.559806592762470245e-02 4.705112576484680176e-01 1.285091042518615723e-02 3.084419965744018555e-01
7.459259033203125000e-02 -1.643514037132263184e-01 -1.457811594009399414e-01 6.520360708236694336e-02
-1.064341813325881958e-01 -4.524272084236145020e-01 -3.208834826946258545e-01 -2.057842761278152466e-01
-1.396697759628295898e-02 1.588516235351562500e-01 -3.635352849960327148e-02 -7.555025815963745117e-02
-7.691507041454315186e-02 -2.453321777284145355e-02 2.784164808690547943e-02 6.010849401354789734e-02
4.080035090446472168e-01 -2.229470293968915939e-03 5.549940839409828186e-02 -9.639660269021987915e-02
-3.504224419593811035e-01 1.341645270586013794e-01 1.147518381476402283e-01 -2.248839884996414185e-01
2.135643661022186279e-01 -2.114246785640716553e-01 -1.738986521959304810e-01 3.231035768985748291e-01
5.781638622283935547e-01 -1.615187674760818481e-01 4.591501951217651367e-01 2.856498025357723236e-02
-3.793466389179229736e-01 -1.644306927919387817e-01 6.271211802959442139e-02 -2.577060163021087646e-01
-7.882348448038101196e-02 4.371366500854492188e-01 -7.655809819698333740e-02 2.353772968053817749e-01
7.508353143930435181e-02 -2.986370325088500977e-01 -3.224660754203796387e-01 4.312018156051635742e-01
-4.405224919319152832e-01 3.488284349441528320e-02 -1.974987983703613281e-02 2.514141798019409180e-01
-3.169395327568054199e-01 -1.440492644906044006e-02 -3.366776406764984131e-01 -3.367425873875617981e-02
1.859946995973587036e-01 -1.808691173791885376e-01 -5.929295420646667480e-01 2.732057273387908936e-01
-4.840933680534362793e-01 -1.263843029737472534e-01 -4.772094488143920898e-01 2.859280211851000786e-03
2.497771382331848145e-01 -1.649502962827682495e-01 1.473177522420883179e-01 4.539055377244949341e-02
-3.028277158737182617e-01 1.804230809211730957e-01 2.273022085428237915e-01 -1.289033442735671997e-01
-2.331450879573822021e-01 4.565712809562683105e-01 -6.222335994243621826e-02 -2.461374551057815552e-01
-9.658608585596084595e-02 1.139170005917549133e-01 1.596508175134658813e-02 1.419291645288467407e-01
-6.230146065354347229e-02 2.411799132823944092e-01 5.550789833068847656e-02 5.200592279434204102e-01
2.196059972047805786e-01 -2.159773260354995728e-01 5.304375886917114258e-01 -3.704044967889785767e-02
-6.904336810111999512e-02 1.658755689859390259e-01 2.949207127094268799e-01 -8.669824898242950439e-02
1.495101600885391235e-01 -2.465292513370513916e-01 7.640296965837478638e-02 -1.647771596908569336e-01
2.457294762134552002e-01 3.290257155895233154e-01 4.712781682610511780e-02 2.090949118137359619e-01
9.927336126565933228e-02 2.723248600959777832e-01 2.364793978631496429e-02 -2.850939519703388214e-02
1.020086482167243958e-01 -1.514621824026107788e-01 -1.027489304542541504e-01 -4.279449284076690674e-01
-2.114047557115554810e-01 2.566368877887725830e-01 3.130354285240173340e-01 9.770816192030906677e-03
1.399048715829849243e-01 -4.099569916725158691e-01 1.756276339292526245e-01 -5.245214328169822693e-03
-2.516880035400390625e-01 1.430169641971588135e-01 5.943320225924253464e-03 -3.952941596508026123e-01
-2.082094848155975342e-01 3.198594748973846436e-01 -2.043986320495605469e-01 1.334171444177627563e-01
-1.257481127977371216e-01 -3.023999929428100586e-01 -8.276069909334182739e-02 -2.156750261783599854e-01
-3.137277066707611084e-01 -3.886429592967033386e-02 -1.667266041040420532e-01 2.240079045295715332e-01
1.327221840620040894e-01 -3.943072259426116943e-02 1.560972779989242554e-01 3.233772516250610352e-01
-9.201935678720474243e-02 -3.341179341077804565e-02 -8.481776714324951172e-02 -2.388408221304416656e-02
-3.472966328263282776e-02 -2.529283463954925537e-01 4.160099327564239502e-01 1.036612167954444885e-01
4.791249632835388184e-01 4.651097580790519714e-02 -2.890962176024913788e-02 4.318044483661651611e-01
-2.525064945220947266e-01 4.101770818233489990e-01 -1.735713034868240356e-01 -3.934065252542495728e-02
-1.023630201816558838e-01 -3.019978404045104980e-01 3.411576896905899048e-02 9.618158638477325439e-02
-9.028286486864089966e-02 -1.703275442123413086e-01 2.689793407917022705e-01 -1.136640310287475586e-01
-1.984585523605346680e-01 3.278191089630126953e-01 -1.692916154861450195e-01 1.040062122046947479e-02
5.799558386206626892e-02 -1.657986193895339966e-01 1.058467775583267212e-01 -1.270419061183929443e-01
-1.333841681480407715e-01 -2.843894809484481812e-02 -1.750780642032623291e-01 -8.554725348949432373e-02
2.486167289316654205e-02 1.487161517143249512e-01 -3.146742284297943115e-01 -5.891930311918258667e-02
-1.569686532020568848e-01 1.277890950441360474e-01 2.037430554628372192e-01 1.899378374218940735e-02
