-2.928520739078521729e-01
-4.865279793739318848e-01
-5.031199455261230469e-01
6.619592010974884033e-02
-6.591309309005737305e-01
-6.541980504989624023e-01
-4.428453445434570312e-01
-5.317506790161132812e-01
-1.789491176605224609e-01
-4.324522912502288818e-01
-7.527406215667724609e-01
-7.044354081153869629e-02
-3.087153434753417969e-01
-6.597584486007690430e-01
-5.892953872680664062e-01
-5.119065642356872559e-01
-2.534744739532470703e-01
-4.814647436141967773e-01
-5.073630213737487793e-01
-4.789807200431823730e-01
-5.510926246643066406e-01
-4.273518621921539307e-01
-6.400617957115173340e-01
-5.245339274406433105e-01
-2.259649485349655151e-01
-5.205812454223632812e-01
-3.079621791839599609e-01
-6.714177727699279785e-01
-2.135416120290756226e-01
-7.519826292991638184e-01
-7.088930346071720123e-03
-6.013055443763732910e-01
-6.328458189964294434e-01
-4.647127389907836914e-01
-6.713749766349792480e-01
-3.576771318912506104e-01
-8.683753013610839844e-02
-1.650903373956680298e-01
-4.769687354564666748e-01
7.097721844911575317e-02
-7.122806310653686523e-01
-3.206941485404968262e-01
-4.268333315849304199e-02
-7.247762084007263184e-01
-2.242463827133178711e-02
-4.746986627578735352e-01
-3.068715929985046387e-01
-2.281853109598159790e-01
-5.252093672752380371e-01
-2.919593751430511475e-01
