38.7385 2 -0.0788376 -0.0710553   -8.80556   -8.81365    8.81956 -0.0784091 -0.0709738   -8.80954   -8.83104    8.84972   0.00116759  1.68156e-44 -1.68156e-44 -0.000653416  0.000653415 4.83883
38.7561 2 -0.0788376 -0.0710553   -8.80556   -8.81365    8.81956 -0.0783767 -0.0709738   -8.80954   -8.83104    8.84972   0.00147887  1.68156e-44 -1.68156e-44 -0.000578464  0.000578463 4.83883
38.7738 2 -0.0788376 -0.0710553   -8.80556   -8.81365    8.81956  -0.078348 -0.0709738   -8.80954   -8.83104    8.84972    0.0017435  1.68156e-44 -1.68156e-44 -0.000527949  0.000527948 4.83883
38.7914 2 -0.0788376 -0.0710553   -8.80556   -8.81365    8.81956 -0.0783076 -0.0709738   -8.80954   -8.83104    8.84972   0.00216501  1.68156e-44 -1.68156e-44 -0.000481845  0.000481844 4.83883
38.8091 2 -0.0788376 -0.0710553   -8.80556   -8.81365    8.81956 -0.0782693 -0.0709738   -8.80954   -8.83104    8.84972   0.00250458  1.68156e-44 -1.68156e-44 -0.000439767  0.000439766 4.83883
38.8267 2 -0.0788376 -0.0710553   -8.80556   -8.81365    8.81956 -0.0782157 -0.0709738   -8.80954   -8.83104    8.84972   0.00303663  1.68156e-44 -1.68156e-44 -0.000401363  0.000401363 4.83883
38.8443 2 -0.0788376 -0.0710553   -8.80556   -8.81365    8.81956 -0.0781546 -0.0709738   -8.80954   -8.83104    8.84972   0.00349436  1.68156e-44 -1.68156e-44 -0.000355324  0.000355323 4.83883
38.862 2 -0.0788376 -0.0710553   -8.80556   -8.81365    8.81956 -0.0781072 -0.0709738   -8.80954   -8.83104    8.84972   0.00381924  1.68156e-44 -1.68156e-44 -0.000324295  0.000324294 4.83883
38.8796 2 -0.0788376 -0.0710553   -8.80556   -8.81365    8.81956 -0.0780674 -0.0709738   -8.80954   -8.83104    8.84972   0.00399086  1.68156e-44 -1.68156e-44 -0.000295975  0.000295975 4.83883
38.8973 2 -0.0788376 -0.0710553   -8.80556   -8.81365    8.81956 -0.0780204 -0.0709738   -8.80954   -8.83104    8.84972   0.00425298  1.68156e-44 -1.68156e-44 -0.000270128  0.000270128 4.83883
38.915 2 -0.0788376 -0.0710553   -8.80556   -8.81365    8.81956 -0.0779783 -0.0709738   -8.80954   -8.83104    8.84972    0.0042475  1.68156e-44 -1.68156e-44 -0.000239143  0.000239142 4.83883
38.9326 2 -0.0788376 -0.0710553   -8.80556   -8.81365    8.81956 -0.0779448 -0.0709738   -8.80954    -8.8307    8.85006    0.0042669  1.68156e-44 -1.68156e-44   0.00385583   0.00429235 4.83883
38.9502 2 -0.0788376 -0.0710553   -8.80556   -8.81365    8.81956 -0.0779149 -0.0709738   -8.80954    -8.8303    8.85046   0.00422847  1.68156e-44 -1.68156e-44    0.0081255    0.0085239 4.83883
38.9679 2 -0.0788376 -0.0710553   -8.80556   -8.81365    8.81956 -0.0778858 -0.0709738   -8.80954   -8.83088    8.84988   0.00418273  1.68156e-44 -1.68156e-44  0.000742895    0.0011065 4.83883
38.9855 2 -0.0788376 -0.0710553   -8.80556   -8.81365    8.81956 -0.0778603 -0.0709738   -8.80954   -8.83035     8.8504   0.00394381  1.68156e-44 -1.68156e-44   0.00676316   0.00708506 4.83883
39.0032 2 -0.0788376 -0.0710553   -8.80556   -8.81365    8.81956 -0.0778513 -0.0709738   -8.80954   -8.83077    8.84999   0.00362526  1.68156e-44 -1.68156e-44   0.00124509   0.00153888 4.83883
39.0208 2 -0.0788376 -0.0710553   -8.80556   -8.81365    8.81956 -0.0778494 -0.0709738   -8.80954   -8.83098    8.84978   0.00323677  1.68156e-44 -1.68156e-44  -0.00130378  -0.00103565 4.83883
39.0386 2 -0.0788376 -0.0710553   -8.80556   -8.81365    8.81956 -0.0778263 -0.0709738   -8.80954   -8.83102    8.84973   0.00321359  1.68156e-44 -1.68156e-44  -0.00171718  -0.00147246 4.83883
39.0561 2 -0.0788376 -0.0710553   -8.80556   -8.81365    8.81956 -0.0778208 -0.0709738   -8.80954   -8.83104    8.84972   0.00281084  1.68156e-44 -1.68156e-44  -0.00164883  -0.00143218 4.83883
39.0737 2 -0.0788376 -0.0710553   -8.80556   -8.81365    8.81956 -0.0778201 -0.0709738   -8.80954   -8.83104    8.84972   0.00249657  1.68156e-44 -1.68156e-44  -0.00151561  -0.00131788 4.83883
115.692 2 -0.0779066 -0.0709738   -8.80954   -8.83104    8.84972 -0.0786221 -0.0709738   -8.80954   -8.83104    8.84972  -0.00108524  1.68156e-44 -1.68156e-44 -9.81779e-05 -9.81779e-05 -10.5306
115.709 2 -0.0779066 -0.0709738   -8.80954   -8.83104    8.84972 -0.0787061 -0.0709738   -8.80954   -8.83104    8.84972  -0.00219883  1.68156e-44 -1.68156e-44 -8.69162e-05 -8.69162e-05 -10.5306
115.727 2 -0.0779066 -0.0709738   -8.80954   -8.83104    8.84972 -0.0788006 -0.0709738   -8.80954   -8.83104    8.84972  -0.00340673  1.68156e-44 -1.68156e-44 -7.93261e-05 -7.93261e-05 -10.5306
115.745 2 -0.0779066 -0.0709738   -8.80954   -8.83104    8.84972 -0.0789186 -0.0709738   -8.80954   -8.83104    8.84972  -0.00482913  1.68156e-44 -1.68156e-44 -7.23988e-05 -7.23988e-05 -10.5306
115.762 2 -0.0779066 -0.0709738   -8.80954   -8.83104    8.84972 -0.0790504 -0.0709738   -8.80954   -8.83104    8.84972  -0.00629898  1.68156e-44 -1.68156e-44 -6.60764e-05 -6.60764e-05 -10.5306
115.78 2 -0.0779066 -0.0709738   -8.80954   -8.83104    8.84972 -0.0792444 -0.0709738   -8.80954   -8.83212    8.84972  -0.00827496  1.68156e-44 -1.68156e-44   -0.0128489 -4.70529e-05 -10.5306
115.798 2 -0.0779066 -0.0709738   -8.80954   -8.83104    8.84972 -0.0794112 -0.0709738   -8.80954   -8.83085    8.84905  -0.00988592  1.68156e-44 -1.68156e-44   0.00320725  -0.00771633 -10.5306
115.815 2 -0.0779066 -0.0709738   -8.80954   -8.83104    8.84972 -0.0795605 -0.0709738   -8.80954   -8.83001    8.84991    -0.011046  1.68156e-44 -1.68156e-44    0.0125185   0.00304481 -10.5306
115.833 2 -0.0779066 -0.0709738   -8.80954   -8.83104    8.84972 -0.0797287 -0.0709738   -8.80954   -8.83123    8.85042   -0.0123587  1.68156e-44 -1.68156e-44  -0.00301452   0.00868276 -10.5306
115.851 2 -0.0779066 -0.0709738   -8.80954   -8.83104    8.84972 -0.0800023 -0.0709738   -8.80954   -8.83058       8.85   -0.0146198  1.68156e-44 -1.68156e-44   0.00548887   0.00267165 -10.5306
115.868 2 -0.0779066 -0.0709738   -8.80954   -8.83104    8.84972 -0.0801866 -0.0709738   -8.80954   -8.82961    8.84978   -0.0157655  1.68156e-44 -1.68156e-44    0.0162122 -0.000145137 -10.5306
115.886 2 -0.0779066 -0.0709738   -8.80954   -8.83104    8.84972 -0.0803508 -0.0709738   -8.80954   -8.83115     8.8504   -0.0164639  1.68156e-44 -1.68156e-44    -0.003249   0.00698069 -10.5306
115.904 2 -0.0779066 -0.0709738   -8.80954   -8.83104    8.84972 -0.0804926 -0.0709738   -8.80954   -8.83173    8.85053   -0.0167441  1.68156e-44 -1.68156e-44  -0.00962754   0.00788793 -10.5306
115.921 2 -0.0779066 -0.0709738   -8.80954   -8.83104    8.84972 -0.0806338 -0.0709738   -8.80954   -8.83053    8.85056   -0.0163385  1.68156e-44 -1.68156e-44   0.00526645    0.0073592 -10.5306
115.939 2 -0.0779066 -0.0709738   -8.80954   -8.83104    8.84972 -0.0807119 -0.0709738   -8.80954    -8.8306    8.85023   -0.0156479  1.68156e-44 -1.68156e-44   0.00386608   0.00267576 -10.5306
115.956 2 -0.0779066 -0.0709738   -8.80954   -8.83104    8.84972 -0.0807741 -0.0709738   -8.80954   -8.83161    8.85049   -0.0147953  1.68156e-44 -1.68156e-44  -0.00808104   0.00552054 -10.5306
115.974 2 -0.0779066 -0.0709738   -8.80954   -8.83104    8.84972 -0.0808143 -0.0709738   -8.80954   -8.83128    8.85001   -0.0137003  1.68156e-44 -1.68156e-44  -0.00348155 -0.000702624 -10.5306
115.992 2 -0.0779066 -0.0709738   -8.80954   -8.83104    8.84972  -0.080824 -0.0709738   -8.80954   -8.83107    8.84975   -0.0117782  1.68156e-44 -1.68156e-44 -0.000676293  -0.00345819 -10.5306
116.009 2 -0.0779066 -0.0709738   -8.80954   -8.83104    8.84972 -0.0808251 -0.0709738   -8.80954   -8.83104    8.84972   -0.0104377  1.68156e-44 -1.68156e-44 -0.000320459  -0.00349671 -10.5306
116.027 2 -0.0779066 -0.0709738   -8.80954   -8.83104    8.84972 -0.0808253 -0.0709738   -8.80954    -8.8305    8.84917  -0.00923831  1.68156e-44 -1.68156e-44   0.00616293  -0.00966965 -10.5306
162.004 2 -0.0802185 -0.0709738   -8.80954   -8.82934    8.85141 -0.0795603 -0.0709738   -8.80954   -8.82934    8.85141  0.00106857 1.68156e-44 1.68156e-44 9.78691e-30 9.78691e-30 5.57578
162.022 2 -0.0802185 -0.0709738   -8.80954   -8.82934    8.85141  -0.079532 -0.0709738   -8.80954   -8.82934    8.85141   0.0013332 1.68156e-44 1.68156e-44 8.66428e-30 8.66428e-30 5.57578
162.039 2 -0.0802185 -0.0709738   -8.80954   -8.82934    8.85141 -0.0795038 -0.0709738   -8.80954   -8.82934    8.85141  0.00160716 1.68156e-44 1.68156e-44 7.90765e-30 7.90765e-30 5.57578
162.057 2 -0.0802185 -0.0709738   -8.80954   -8.82934    8.85141 -0.0794635 -0.0709738   -8.80954   -8.82934    8.85141   0.0020428 1.68156e-44 1.68156e-44  7.2171e-30  7.2171e-30 5.57578
162.075 2 -0.0802185 -0.0709738   -8.80954   -8.82934    8.85141 -0.0794137 -0.0709738   -8.80954   -8.82934    8.85141  0.00258125 1.68156e-44 1.68156e-44 6.58686e-30 6.58686e-30 5.57578
162.092 2 -0.0802185 -0.0709738   -8.80954   -8.82934    8.85141 -0.0793069 -0.0709738   -8.80954   -8.82934    8.85141  0.00380396 1.68156e-44 1.68156e-44  5.8313e-30  5.8313e-30 5.57578
162.11 2 -0.0802185 -0.0709738   -8.80954   -8.82934    8.85141 -0.0792097 -0.0709738   -8.80954   -8.82934    8.85141  0.00486719 1.68156e-44 1.68156e-44 5.32207e-30 5.32207e-30 5.57578
162.127 2 -0.0802185 -0.0709738   -8.80954   -8.82934    8.85141 -0.0790796 -0.0709738   -8.80954   -8.82934    8.85141  0.00631496 1.68156e-44 1.68156e-44 4.85731e-30 4.85731e-30 5.57578
162.145 2 -0.0802185 -0.0709738   -8.80954   -8.82934    8.85141 -0.0789382 -0.0709738   -8.80954   -8.82934    8.85141  0.00776645 1.68156e-44 1.68156e-44 4.43313e-30 4.43313e-30 5.57578
162.163 2 -0.0802185 -0.0709738   -8.80954   -8.82934    8.85141 -0.0787147 -0.0709738   -8.80954   -8.82934    8.85141  0.00996657 1.68156e-44 1.68156e-44 3.92462e-30 3.92462e-30 5.57578
162.18 2 -0.0802185 -0.0709738   -8.80954   -8.82934    8.85141 -0.0785237 -0.0709738   -8.80954   -8.82967    8.85109   0.0117576 1.68156e-44 1.68156e-44 -0.00359963 -0.00359963 5.57578
162.198 2 -0.0802185 -0.0709738   -8.80954   -8.82934    8.85141 -0.0783123 -0.0709738   -8.80954   -8.82941    8.85134   0.0136613 1.68156e-44 1.68156e-44 -0.00033908 -0.00033908 5.57578
162.216 2 -0.0802185 -0.0709738   -8.80954   -8.82934    8.85141 -0.0780627 -0.0709738   -8.80954    -8.8309    8.85186   0.0159243 1.68156e-44 1.68156e-44  -0.0178206  0.00567507 5.57578
162.233 2 -0.0802185 -0.0709738   -8.80954   -8.82934    8.85141 -0.0777411 -0.0709738   -8.80954   -8.83054    8.85167   0.0183691 1.68156e-44 1.68156e-44  -0.0108732  0.00257647 5.57578
162.251 2 -0.0802185 -0.0709738   -8.80954   -8.82934    8.85141 -0.0775088 -0.0709738   -8.81098   -8.82827    8.85147   0.0198267 1.68156e-44  -0.0217644   0.0162419 6.44269e-05 5.57578
162.269 2 -0.0802185 -0.0709738   -8.80954   -8.82934    8.85141 -0.0772774 -0.0709738   -8.81129   -8.82954    8.85143    0.0211039  1.68156e-44   -0.0239558 -0.000464172 -0.000435821 5.57578
162.286 2 -0.0802185 -0.0709738   -8.80954   -8.82934    8.85141 -0.0770462 -0.0709738   -8.81135   -8.83072    8.85142    0.0222311  1.68156e-44   -0.0222068   -0.0139464 -0.000507791 5.57578
162.304 2 -0.0802185 -0.0709738   -8.80954   -8.82934    8.85141 -0.0767541 -0.0709738   -8.81137   -8.82932    8.85108   0.0232912 1.68156e-44  -0.0190988  0.00391723 -0.00454485 5.57578
162.322 2 -0.0802185 -0.0709738   -8.80954   -8.82934    8.85141 -0.0765369 -0.0709738   -8.81137   -8.82901    8.85102   0.0239443 1.68156e-44  -0.0169261  0.00703143 -0.00468026 5.57578
162.339 2 -0.0802185 -0.0709738   -8.80954   -8.82934    8.85141 -0.0763156 -0.0709738   -8.81064   -8.82927    8.85133    0.0245845  1.68156e-44  -0.00325637   0.00344898 -0.000665843 5.57578
230.045 2  -0.075797 -0.0709738   -8.81137   -8.82935    8.85142 -0.0766239 -0.0709738   -8.81137   -8.83019    8.85226  -0.00116004  1.68156e-44 -1.68156e-44 -0.000880112  0.000880112 -8.78192
230.063 2  -0.075797 -0.0709738   -8.81137   -8.82935    8.85142 -0.0766521 -0.0709738   -8.81137   -8.83019    8.85226  -0.00141735  1.68156e-44 -1.68156e-44 -0.000779157  0.000779157 -8.78192
230.081 2  -0.075797 -0.0709738   -8.81137   -8.82935    8.85142 -0.0766841 -0.0709738   -8.81137   -8.83019    8.85226  -0.00173856  1.68156e-44 -1.68156e-44 -0.000711115  0.000711115 -8.78192
230.099 2  -0.075797 -0.0709738   -8.81137   -8.82935    8.85142 -0.0767321 -0.0709738   -8.81137   -8.83019    8.85226  -0.00227496  1.68156e-44 -1.68156e-44 -0.000649016  0.000649016 -8.78192
230.116 2  -0.075797 -0.0709738   -8.81137   -8.82935    8.85142 -0.0767878 -0.0709738   -8.81137   -8.83019    8.85226  -0.00286534  1.68156e-44 -1.68156e-44 -0.000592339  0.000592339 -8.78192
230.134 2  -0.075797 -0.0709738   -8.81137   -8.82935    8.85142 -0.0768567 -0.0709738   -8.81137   -8.83019    8.85226  -0.00359764  1.68156e-44 -1.68156e-44 -0.000540612  0.000540612 -8.78192
230.151 2  -0.075797 -0.0709738   -8.81137   -8.82935    8.85142 -0.0769681 -0.0709738   -8.81137   -8.83019    8.85226  -0.00473449  1.68156e-44 -1.68156e-44   -0.0004786    0.0004786 -8.78192
230.169 2  -0.075797 -0.0709738   -8.81137   -8.82935    8.85142 -0.0770543 -0.0709738   -8.81137   -8.83019    8.85226  -0.00551358  1.68156e-44 -1.68156e-44 -0.000436805  0.000436805 -8.78192
230.187 2  -0.075797 -0.0709738   -8.81137   -8.82935    8.85142 -0.0771408 -0.0709738   -8.81137   -8.83019    8.85226  -0.00620875  1.68156e-44 -1.68156e-44  -0.00039866   0.00039866 -8.78192
230.204 2  -0.075797 -0.0709738   -8.81137   -8.82935    8.85142 -0.0772275 -0.0709738   -8.81137   -8.83019    8.85226  -0.00682514  1.68156e-44 -1.68156e-44 -0.000363847  0.000363847 -8.78192
230.222 2  -0.075797 -0.0709738   -8.81137   -8.82935    8.85142  -0.077318 -0.0709738   -8.81137   -8.83019    8.85226  -0.00716863  1.68156e-44 -1.68156e-44 -0.000322111  0.000322111 -8.78192
230.24 2  -0.075797 -0.0709738   -8.81137   -8.82935    8.85142 -0.0773832 -0.0709738   -8.81137   -8.83019    8.85226   -0.0073415  1.68156e-44 -1.68156e-44 -0.000293982  0.000293982 -8.78192
230.257 2  -0.075797 -0.0709738   -8.81137   -8.82935    8.85142 -0.0774611 -0.0709738   -8.81137   -8.83019    8.85226  -0.00769446  1.68156e-44 -1.68156e-44 -0.000268309  0.000268309 -8.78192
230.275 2  -0.075797 -0.0709738   -8.81137   -8.82935    8.85142 -0.0775495 -0.0709738   -8.81137   -8.83019    8.85226   -0.0078761  1.68156e-44 -1.68156e-44 -0.000237532  0.000237532 -8.78192
230.293 2  -0.075797 -0.0709738   -8.81137   -8.82935    8.85142 -0.0776103 -0.0709738   -8.81137   -8.83019    8.85226  -0.00790871  1.68156e-44 -1.68156e-44 -0.000216789  0.000216789 -8.78192
230.31 2  -0.075797 -0.0709738   -8.81137   -8.82935    8.85142 -0.0776688 -0.0709738   -8.81137   -8.83019    8.85226   -0.0079013  1.68156e-44 -1.68156e-44 -0.000197858  0.000197858 -8.78192
230.328 2  -0.075797 -0.0709738   -8.81137   -8.82935    8.85142 -0.0777152 -0.0709738   -8.81137   -8.83019    8.85226  -0.00770193  1.68156e-44 -1.68156e-44  -0.00018058   0.00018058 -8.78192
230.345 2  -0.075797 -0.0709738   -8.81137   -8.82935    8.85142 -0.0777635 -0.0709738   -8.81137   -8.83019    8.85226  -0.00755776  1.68156e-44 -1.68156e-44  -0.00016481   0.00016481 -8.78192
230.363 2  -0.075797 -0.0709738   -8.81137   -8.82935    8.85142 -0.0778217 -0.0709738   -8.81137   -8.83019    8.85226  -0.00729944  1.68156e-44 -1.68156e-44 -0.000145905  0.000145905 -8.78192
230.381 2  -0.075797 -0.0709738   -8.81137   -8.82935    8.85142 -0.0778545 -0.0709738   -8.81137   -8.83019    8.85226  -0.00696565  1.68156e-44 -1.68156e-44 -0.000133164  0.000133164 -8.78192
286.905 2 -0.0776465 -0.0709738   -8.81137   -8.82934    8.85142 -0.0765304 -0.0709738   -8.81137   -8.82934    8.85142   0.00111593  1.68156e-44 -1.68156e-44  0.000312707 -0.000312707 6.16374
286.922 2 -0.0776465 -0.0709738   -8.81137   -8.82934    8.85142 -0.0765103 -0.0709738   -8.81137   -8.82934    8.85142   0.00130202  1.68156e-44 -1.68156e-44  0.000285399 -0.000285399 6.16374
286.94 2 -0.0776465 -0.0709738   -8.81137   -8.82934    8.85142 -0.0764948 -0.0709738   -8.81137   -8.82934    8.85142   0.00138616  1.68156e-44 -1.68156e-44  0.000260476 -0.000260476 6.16374
286.958 2 -0.0776465 -0.0709738   -8.81137   -8.82934    8.85142 -0.0764359 -0.0709738   -8.81137   -8.82934    8.85142   0.00207502  1.68156e-44 -1.68156e-44  0.000230598 -0.000230598 6.16374
286.975 2 -0.0776465 -0.0709738   -8.81137   -8.82934    8.85142 -0.0763808 -0.0709738   -8.81137   -8.82934    8.85142    0.0026902  1.68156e-44 -1.68156e-44  0.000210461 -0.000210461 6.16374
286.993 2 -0.0776465 -0.0709738   -8.81137   -8.82934    8.85142 -0.0762824 -0.0709738   -8.81137      -8.83    8.85208   0.00389783  1.68156e-44 -1.68156e-44  -0.00747054   0.00747054 6.16374
287.011 2 -0.0776465 -0.0709738   -8.81137   -8.82934    8.85142 -0.0761363 -0.0709738   -8.81137   -8.83015    8.85222   0.00569933  1.68156e-44 -1.68156e-44  -0.00847834   0.00847834 6.16374
287.028 2 -0.0776465 -0.0709738   -8.81137   -8.82934    8.85142 -0.0759116 -0.0709738   -8.81137   -8.83018    8.85226   0.00822742  1.68156e-44 -1.68156e-44  -0.00789199   0.00789199 6.16374
287.046 2 -0.0776465 -0.0709738   -8.81137   -8.82934    8.85142 -0.0757164 -0.0709738   -8.81137   -8.83019    8.85226    0.0102758  1.68156e-44 -1.68156e-44  -0.00724689   0.00724689 6.16374
287.063 2 -0.0776465 -0.0709738   -8.81137   -8.82934    8.85142 -0.0755267 -0.0709738   -8.81137   -8.82965    8.85172    0.0120129  1.68156e-44 -1.68156e-44 -0.000235347  0.000235347 6.16374
287.081 2 -0.0776465 -0.0709738   -8.81137   -8.82934    8.85142 -0.0753086 -0.0709738   -8.81137   -8.82941    8.85148     0.013988  1.68156e-44 -1.68156e-44   0.00254466  -0.00254466 6.16374
287.099 2 -0.0776465 -0.0709738   -8.81137   -8.82934    8.85142 -0.0750803 -0.0709738   -8.81137   -8.83036    8.85176    0.0158917  1.68156e-44 -1.68156e-44  -0.00882072  0.000672532 6.16374
287.116 2 -0.0776465 -0.0709738   -8.81137   -8.82934    8.85142 -0.0747226 -0.0709738   -8.81137   -8.83007    8.85166    0.0188987  1.68156e-44 -1.68156e-44  -0.00398231 -0.000418658 6.16374
287.134 2 -0.0776465 -0.0709738   -8.81137   -8.82934    8.85142 -0.0744367 -0.0709738   -8.81137    -8.8295    8.85147    0.0211163  1.68156e-44 -1.68156e-44   0.00292913  -0.00261328 6.16374
287.152 2 -0.0776465 -0.0709738   -8.81137   -8.82934    8.85142 -0.0741484 -0.0709738   -8.81137   -8.82937    8.85143    0.0231156  1.68156e-44 -1.68156e-44   0.00409193  -0.00287969 6.16374
287.169 2 -0.0776465 -0.0709738   -8.81137   -8.82934    8.85142 -0.0738665 -0.0709738   -8.81137   -8.82935    8.85142    0.0247888  1.68156e-44 -1.68156e-44   0.00403103  -0.00272748 6.16374
287.187 2 -0.0776465 -0.0709738   -8.81137   -8.82934    8.85142 -0.0736133 -0.0709738   -8.81137   -8.82934    8.85142    0.0258249  1.68156e-44 -1.68156e-44   0.00374496  -0.00251151 6.16374
287.205 2 -0.0776465 -0.0709738   -8.81137   -8.82934    8.85142 -0.0732681 -0.0709738   -8.81137   -8.82934    8.85142    0.0271346  1.68156e-44 -1.68156e-44   0.00333627  -0.00222342 6.16374
287.222 2 -0.0776465 -0.0709738   -8.81137   -8.82934    8.85142 -0.0730082 -0.0709738   -8.81137   -8.82934    8.85142    0.0280012  1.68156e-44 -1.68156e-44   0.00304493  -0.00202925 6.16374
287.24 2 -0.0776465 -0.0709738   -8.81137   -8.82934    8.85142 -0.0727482 -0.0709738   -8.81137   -8.82934    8.85142    0.0287703  1.68156e-44 -1.68156e-44   0.00277902  -0.00185205 6.16374
353.687 2 -0.0719535 -0.0709738   -8.81137   -8.82934    8.85142 -0.0730452 -0.0709738   -8.81137   -8.83019    8.85226 -0.00108621 1.68156e-44 1.68156e-44 -0.00033278  0.00033278 -7.93961
353.705 2 -0.0719535 -0.0709738   -8.81137   -8.82934    8.85142 -0.0730618 -0.0709738   -8.81137   -8.83019    8.85226  -0.00122227  1.68156e-44  1.68156e-44 -0.000303719  0.000303719 -7.93961
353.723 2 -0.0719535 -0.0709738   -8.81137   -8.82934    8.85142 -0.0730897 -0.0709738   -8.81137   -8.83019    8.85226 -0.00146269 1.68156e-44 1.68156e-44 -0.00026888  0.00026888 -7.93961
353.74 2 -0.0719535 -0.0709738   -8.81137   -8.82934    8.85142 -0.0731167 -0.0709738   -8.81137   -8.83019    8.85226 -0.00171411 1.68156e-44 1.68156e-44  -0.0002454   0.0002454 -7.93961
353.758 2 -0.0719535 -0.0709738   -8.81137   -8.82934    8.85142 -0.0731522 -0.0709738   -8.81137   -8.83019    8.85226 -0.00206193 1.68156e-44 1.68156e-44 -0.00022397  0.00022397 -7.93961
353.775 2 -0.0719535 -0.0709738   -8.81137   -8.82934    8.85142 -0.0731982 -0.0709738   -8.81137   -8.83019    8.85226  -0.00253192  1.68156e-44  1.68156e-44 -0.000204411  0.000204411 -7.93961
353.793 2 -0.0719535 -0.0709738   -8.81137   -8.82934    8.85142 -0.0732768 -0.0709738   -8.81137   -8.83019    8.85226  -0.00333722  1.68156e-44  1.68156e-44 -0.000180964  0.000180964 -7.93961
353.811 2 -0.0719535 -0.0709738   -8.81137   -8.82934    8.85142 -0.0733569 -0.0709738   -8.81137   -8.83019    8.85226  -0.00418529  1.68156e-44  1.68156e-44 -0.000165161  0.000165161 -7.93961
353.828 2 -0.0719535 -0.0709738   -8.81137   -8.82934    8.85142 -0.0734537 -0.0709738   -8.81137   -8.83019    8.85226  -0.00519868  1.68156e-44  1.68156e-44 -0.000150738  0.000150738 -7.93961
353.846 2 -0.0719535 -0.0709738   -8.81137   -8.82934    8.85142 -0.0736026 -0.0709738   -8.81137   -8.83019    8.85226  -0.00666231  1.68156e-44  1.68156e-44 -0.000133447  0.000133447 -7.93961
353.864 2 -0.0719535 -0.0709738   -8.81137   -8.82934    8.85142 -0.0737403 -0.0709738   -8.81137   -8.83019    8.85226  -0.00800875  1.68156e-44  1.68156e-44 -0.000121794  0.000121794 -7.93961
353.881 2 -0.0719535 -0.0709738   -8.81137   -8.82934    8.85142 -0.0738949 -0.0709738   -8.81137   -8.83019    8.85226  -0.00946521  1.68156e-44  1.68156e-44 -0.000111158  0.000111158 -7.93961
353.899 2 -0.0719535 -0.0709738   -8.81137   -8.82934    8.85142 -0.0740416 -0.0709738   -8.81137   -8.83019    8.85226   -0.0106339  1.68156e-44  1.68156e-44 -0.000101451  0.000101451 -7.93961
353.917 2 -0.0719535 -0.0709738   -8.81137   -8.82934    8.85142 -0.0742092 -0.0709738   -8.81137   -8.83019    8.85226   -0.0119854  1.68156e-44  1.68156e-44 -9.25913e-05  9.25913e-05 -7.93961
353.934 2 -0.0719535 -0.0709738   -8.81137   -8.82934    8.85142 -0.0744023 -0.0709738   -8.81137   -8.83019    8.85226   -0.0130877  1.68156e-44  1.68156e-44 -8.19704e-05  8.19704e-05 -7.93961
353.952 2 -0.0719535 -0.0709738   -8.81137   -8.82934    8.85142 -0.0745474 -0.0709738   -8.81137   -8.83019    8.85226   -0.0138058  1.68156e-44  1.68156e-44 -7.48122e-05  7.48122e-05 -7.93961
353.97 2 -0.0719535 -0.0709738   -8.81137   -8.82934    8.85142 -0.0746694 -0.0709738   -8.81137   -8.83019    8.85226     -0.01409  1.68156e-44  1.68156e-44 -6.82791e-05  6.82791e-05 -7.93961
353.987 2 -0.0719535 -0.0709738   -8.81137   -8.82934    8.85142 -0.0747679 -0.0709738   -8.81137   -8.83019    8.85226   -0.0139771  1.68156e-44  1.68156e-44 -6.23165e-05  6.23165e-05 -7.93961
354.005 2 -0.0719535 -0.0709738   -8.81137   -8.82934    8.85142 -0.0748678 -0.0709738   -8.81137   -8.83019    8.85226   -0.0133658  1.68156e-44  1.68156e-44 -5.51683e-05  5.51683e-05 -7.93961
354.023 2 -0.0719535 -0.0709738   -8.81137   -8.82934    8.85142 -0.0749125 -0.0709738   -8.81137   -8.83019    8.85226   -0.0125104  1.68156e-44  1.68156e-44 -5.03506e-05  5.03506e-05 -7.93961
413.617 2 -0.0745833 -0.0709738   -8.81137   -8.82934    8.85142 -0.0734382 -0.0709738   -8.81137   -8.83019    8.85226  0.00117897 1.68156e-44 1.68156e-44 -0.00398478  0.00398478 6.56971
413.635 2 -0.0745833 -0.0709738   -8.81137   -8.82934    8.85142 -0.0734061 -0.0709738   -8.81137   -8.83019    8.85226  0.00148447 1.68156e-44 1.68156e-44  -0.0035277   0.0035277 6.56971
413.652 2 -0.0745833 -0.0709738   -8.81137   -8.82934    8.85142 -0.0733659 -0.0709738   -8.81137   -8.83019    8.85226   0.0019329 1.68156e-44 1.68156e-44 -0.00321964  0.00321964 6.56971
413.67 2 -0.0745833 -0.0709738   -8.81137   -8.82934    8.85142 -0.0733276 -0.0709738   -8.81137   -8.83019    8.85226  0.00229867 1.68156e-44 1.68156e-44 -0.00293847  0.00293847 6.56971
413.688 2 -0.0745833 -0.0709738   -8.81137   -8.82934    8.85142 -0.0732624 -0.0709738   -8.81137   -8.83019    8.85226  0.00303912 1.68156e-44 1.68156e-44 -0.00268187  0.00268187 6.56971
413.705 2 -0.0745833 -0.0709738   -8.81137   -8.82934    8.85142 -0.0731587 -0.0709738   -8.81137   -8.83019    8.85226  0.00416557 1.68156e-44 1.68156e-44 -0.00237424  0.00237424 6.56971
413.723 2 -0.0745833 -0.0709738   -8.81137   -8.82934    8.85142 -0.0730558 -0.0709738   -8.81137   -8.83019    8.85226  0.00527275 1.68156e-44 1.68156e-44  -0.0021669   0.0021669 6.56971
413.74 2 -0.0745833 -0.0709738   -8.81137   -8.82934    8.85142 -0.0729245 -0.0709738   -8.81137   -8.83019    8.85226  0.00669207 1.68156e-44 1.68156e-44 -0.00197767  0.00197767 6.56971
413.758 2 -0.0745833 -0.0709738   -8.81137   -8.82934    8.85142 -0.0727486 -0.0709738   -8.81137   -8.83019    8.85226  0.00863276 1.68156e-44 1.68156e-44 -0.00180497  0.00180497 6.56971
413.776 2 -0.0745833 -0.0709738   -8.81137   -8.82934    8.85142 -0.0725335 -0.0709738   -8.81137   -8.83019    8.85226   0.0109524 1.68156e-44 1.68156e-44 -0.00164735  0.00164735 6.56971
413.793 2 -0.0745833 -0.0709738   -8.81137   -8.82934    8.85142 -0.0722042 -0.0709738   -8.81137   -8.83019    8.85226    0.014287 1.68156e-44 1.68156e-44 -0.00145838  0.00145838 6.56971
413.811 2 -0.0745833 -0.0709738   -8.81137   -8.82934    8.85142 -0.0719286 -0.0709738   -8.81137   -8.83019    8.85226   0.0168824 1.68156e-44 1.68156e-44 -0.00133103  0.00133103 6.56971
413.829 2 -0.0745833 -0.0709738   -8.81137   -8.82934    8.85142 -0.0716355 -0.0709738   -8.81137   -8.83019    8.85226   0.0194412 1.68156e-44 1.68156e-44 -0.00121479  0.00121479 6.56971
413.846 2 -0.0745833 -0.0709738   -8.81137   -8.82934    8.85142 -0.0711984 -0.0709738   -8.81137   -8.83019    8.85226   0.0231076 1.68156e-44 1.68156e-44 -0.00107545  0.00107545 6.56971
413.864 2 -0.0745833 -0.0709738   -8.81137   -8.82934    8.85142 -0.0708587 -0.0709738   -8.81137   -8.83019    8.85226    0.0256741  1.68156e-44  1.68156e-44 -0.000981533  0.000981533 6.56971
413.882 2 -0.0745833 -0.0709738   -8.81137   -8.82934    8.85142 -0.0704977 -0.0709738   -8.81137   -8.82965    8.85172   0.0282692 1.68156e-44 1.68156e-44  0.00549364 -0.00549364 6.56971
413.899 2 -0.0745833 -0.0709738   -8.81137   -8.82934    8.85142 -0.0701252 -0.0709738   -8.81137   -8.82975    8.85182     0.03074 1.68156e-44 1.68156e-44  0.00369926 -0.00369926 6.56971
413.917 2 -0.0745833 -0.0709738   -8.81137   -8.82934    8.85142 -0.0697276 -0.0709738   -8.81137   -8.83009    8.85217   0.0333074 1.68156e-44 1.68156e-44 -0.00062552  0.00062552 6.56971
413.935 2 -0.0745833 -0.0709738   -8.81137   -8.82934    8.85142 -0.0691854 -0.0709738   -8.81137   -8.83018    8.85225   0.0364592 1.68156e-44 1.68156e-44 -0.00149949  0.00149949 6.56971
413.952 2 -0.0745833 -0.0709738   -8.81137   -8.82934    8.85142 -0.0687811 -0.0709738   -8.81137   -8.82985    8.85192   0.0384776 1.68156e-44 1.68156e-44  0.00259552 -0.00259552 6.56971
483.976 2 -0.0671563 -0.0709738   -8.81321   -8.82849    8.85226 -0.0684169 -0.0709738   -8.81321   -8.82856    8.85233  -0.00110173  1.68156e-44 -1.68156e-44   0.00498096  -0.00498096 -8.02661
483.994 2 -0.0671563 -0.0709738   -8.81321   -8.82849    8.85226  -0.068437 -0.0709738   -8.81321    -8.8285    8.85228  -0.00128922  1.68156e-44 -1.68156e-44   0.00513987  -0.00513987 -8.02661
484.011 2 -0.0671563 -0.0709738   -8.81321   -8.82849    8.85226 -0.0684727 -0.0709738   -8.81321   -8.82849    8.85227  -0.00163539  1.68156e-44 -1.68156e-44   0.00467891  -0.00467891 -8.02661
484.029 2 -0.0671563 -0.0709738   -8.81321   -8.82849    8.85226  -0.068524 -0.0709738   -8.81321   -8.82849    8.85226  -0.00223306  1.68156e-44 -1.68156e-44   0.00429218  -0.00429218 -8.02661
484.047 2 -0.0671563 -0.0709738   -8.81321   -8.82849    8.85226 -0.0685919 -0.0709738   -8.81321   -8.82849    8.85226   -0.0030239  1.68156e-44 -1.68156e-44   0.00391736  -0.00391736 -8.02661
484.064 2 -0.0671563 -0.0709738   -8.81321   -8.82849    8.85226 -0.0686704 -0.0709738   -8.81321   -8.82849    8.85226  -0.00389128  1.68156e-44 -1.68156e-44   0.00357527  -0.00357527 -8.02661
484.082 2 -0.0671563 -0.0709738   -8.81321   -8.82849    8.85226 -0.0688072 -0.0709738   -8.81321   -8.82849    8.85226  -0.00537401  1.68156e-44 -1.68156e-44   0.00316516  -0.00316516 -8.02661
484.1 2 -0.0671563 -0.0709738   -8.81321   -8.82849    8.85226 -0.0689365 -0.0709738   -8.81321   -8.82849    8.85226  -0.00674389  1.68156e-44 -1.68156e-44   0.00288876  -0.00288876 -8.02661
484.117 2 -0.0671563 -0.0709738   -8.81321   -8.82849    8.85226 -0.0690778 -0.0709738   -8.81321   -8.82849    8.85226  -0.00813562  1.68156e-44 -1.68156e-44   0.00263649  -0.00263649 -8.02661
484.135 2 -0.0671563 -0.0709738   -8.81321   -8.82849    8.85226 -0.0692059 -0.0709738   -8.81321   -8.82903    8.85281   -0.0091657  1.68156e-44 -1.68156e-44  -0.00398321   0.00398321 -8.02661
484.152 2 -0.0671563 -0.0709738   -8.81321   -8.82849    8.85226 -0.0693241 -0.0709738   -8.81321   -8.82927    8.85305  -0.00992882  1.68156e-44 -1.68156e-44  -0.00639482   0.00639482 -8.02661
484.17 2 -0.0671563 -0.0709738   -8.81321   -8.82849    8.85226 -0.0694746 -0.0709738   -8.81321   -8.82933     8.8531   -0.0106974  1.68156e-44 -1.68156e-44  -0.00631647   0.00631647 -8.02661
484.188 2 -0.0671563 -0.0709738   -8.81321   -8.82849    8.85226 -0.0695676 -0.0709738   -8.81321   -8.82934    8.85311   -0.0108925  1.68156e-44 -1.68156e-44  -0.00583082   0.00583082 -8.02661
484.206 2 -0.0671563 -0.0709738   -8.81321   -8.82849    8.85226 -0.0696441 -0.0709738   -8.81321   -8.82934    8.85311   -0.0108051  1.68156e-44 -1.68156e-44   -0.0053435    0.0053435 -8.02661
484.223 2 -0.0671563 -0.0709738   -8.81321   -8.82849    8.85226 -0.0697264 -0.0709738   -8.81321   -8.82934    8.85311   -0.0104132  1.68156e-44 -1.68156e-44  -0.00473056   0.00473056 -8.02661
484.241 2 -0.0671563 -0.0709738   -8.81321   -8.82849    8.85226 -0.0697505 -0.0709738   -8.81321   -8.82934    8.85311  -0.00957828  1.68156e-44 -1.68156e-44  -0.00431746   0.00431746 -8.02661
484.258 2 -0.0671563 -0.0709738   -8.81321   -8.82849    8.85226 -0.0697557 -0.0709738   -8.81321   -8.82934    8.85311  -0.00855322  1.68156e-44 -1.68156e-44  -0.00394043   0.00394043 -8.02661
484.276 2 -0.0671563 -0.0709738   -8.81321   -8.82849    8.85226 -0.0697569 -0.0709738   -8.81321   -8.82934    8.85311   -0.0075844  1.68156e-44 -1.68156e-44  -0.00359632   0.00359632 -8.02661
484.294 2 -0.0671563 -0.0709738   -8.81321   -8.82849    8.85226 -0.0697571 -0.0709738   -8.81321   -8.82934    8.85311  -0.00671392  1.68156e-44 -1.68156e-44  -0.00328227   0.00328227 -8.02661
484.311 2 -0.0671563 -0.0709738   -8.81321   -8.82849    8.85226 -0.0697572 -0.0709738   -8.81321   -8.82934    8.85311  -0.00570332  1.68156e-44 -1.68156e-44  -0.00290577   0.00290577 -8.02661
492.565 2 -0.0694393 -0.0709738   -8.81321   -8.82849    8.85226 -0.0694393 -0.0709738   -8.81321   -8.82849    8.85227  5.20659e-30  1.68156e-44 -1.03949e-29  -0.00720291  -0.00720291 -8.02661
