24.8127 1 -0.0739275 -0.0769626    10.6136     3.0634    20.0106 -0.0735541 -0.0769626    10.6136     3.0634    20.0106  0.000984977  1.68156e-44 -1.37327e-43  3.30693e-21   3.3346e-21 1.86703
24.8303 1 -0.0739275 -0.0769626    10.6136     3.0634    20.0106 -0.0735296 -0.0769626    10.6136     3.0634    20.0106   0.00124202  1.68156e-44 -1.20512e-43  3.01815e-21   3.0434e-21 1.86703
24.8479 1 -0.0739275 -0.0769626    10.6136     3.0634    20.0106 -0.0735017 -0.0769626    10.6136     3.0634    20.0106  0.00152254 1.68156e-44  -1.079e-43 2.75458e-21 2.77763e-21 1.86703
24.8656 1 -0.0739275 -0.0769626    10.6136     3.0634    20.0106 -0.0734614 -0.0769626    10.6136     3.0634    20.0106   0.00196703  1.68156e-44 -9.52883e-44  2.51403e-21  2.53507e-21 1.86703
24.8832 1 -0.0739275 -0.0769626    10.6136     3.0634    20.0106 -0.0734094 -0.0769626    10.6136     3.0634    20.0106   0.00246718  1.68156e-44 -8.12753e-44  2.22566e-21  2.24428e-21 1.86703
24.9008 1 -0.0739275 -0.0769626    10.6136     3.0634    20.0106 -0.0733666 -0.0769626    10.6136     3.0634    20.0106   0.00284006  1.68156e-44 -7.28675e-44   2.0313e-21  2.04829e-21 1.86703
24.9185 1 -0.0739275 -0.0769626    10.6136     3.0634    20.0106 -0.0733005 -0.0769626    10.6136     3.0634    20.0106   0.00353302  1.68156e-44 -6.44597e-44  1.85391e-21  1.86942e-21 1.86703
24.9362 1 -0.0739275 -0.0769626    10.6136     3.0634    20.0106 -0.0732409 -0.0769626    10.6136     3.0634    20.0106   0.00404725  1.68156e-44 -5.60519e-44  1.69201e-21  1.70617e-21 1.86703
24.9538 1 -0.0739275 -0.0769626    10.6136     3.0634    20.0106   -0.07316 -0.0769626    10.6136     3.0634    20.0106   0.00482444  1.68156e-44 -4.90454e-44  1.54426e-21  1.55717e-21 1.86703
24.9714 1 -0.0739275 -0.0769626    10.6136     3.0634    20.0106 -0.0730458 -0.0769626    10.6136     3.0634    20.0106   0.00581852  1.68156e-44 -4.34403e-44  1.36712e-21  1.37856e-21 1.86703
24.9891 1 -0.0739275 -0.0769626    10.6136     3.0634    20.0106 -0.0729593 -0.0769626    10.6136     3.0634    20.0106   0.00647763  1.68156e-44 -3.92364e-44  1.24773e-21  1.25817e-21 1.86703
25.0067 1 -0.0739275 -0.0769626    10.6136     3.0634    20.0106 -0.0728727 -0.0769626    10.6136     3.0634    20.0106   0.00706292  1.68156e-44 -3.50325e-44  1.13877e-21   1.1483e-21 1.86703
25.0244 1 -0.0739275 -0.0769626    10.6136     3.0634    20.0106  -0.072786 -0.0769626    10.6136     3.0634    20.0106   0.00758108  1.68156e-44 -3.08286e-44  1.03933e-21  1.04802e-21 1.86703
25.0421 1 -0.0739275 -0.0769626    10.6136     3.0634    20.0106 -0.0726704 -0.0769626    10.6136     3.0634    20.0106   0.00818034  1.68156e-44 -2.52234e-44  9.20108e-22  9.27806e-22 1.86703
25.0597 1 -0.0739275 -0.0769626    10.6136     3.0634    20.0106 -0.0725837 -0.0769626    10.6136     3.0634    20.0106   0.00856981  1.68156e-44 -2.10195e-44  8.39758e-22  8.46783e-22 1.86703
25.0773 1 -0.0739275 -0.0769626    10.6136     3.0634    20.0106  -0.072497 -0.0769626    10.6136     3.0634    20.0106   0.00891451  1.68156e-44 -1.68156e-44  7.66425e-22  7.72836e-22 1.86703
25.095 1 -0.0739275 -0.0769626    10.6136     3.0634    20.0106 -0.0724103 -0.0769626    10.6136     3.0634    20.0106   0.00921936  1.68156e-44 -1.68156e-44  6.99495e-22  7.05347e-22 1.86703
25.1127 1 -0.0739275 -0.0769626    10.6136     3.0634    20.0106 -0.0722762 -0.0769626    10.6136     3.0634    20.0106   0.00986041  1.68156e-44 -1.68156e-44  6.19258e-22  6.24438e-22 1.86703
25.1303 1 -0.0739275 -0.0769626    10.6136     3.0634    20.0106 -0.0721813 -0.0769626    10.6136     3.0634    20.0106    0.0101801  1.68156e-44 -1.68156e-44   5.6518e-22  5.69908e-22 1.86703
25.1479 1 -0.0739275 -0.0769626    10.6136     3.0634    20.0106 -0.0720929 -0.0769626    10.6136     3.0634    20.0106    0.0103657  1.68156e-44 -1.68156e-44  5.15825e-22   5.2014e-22 1.86703
84.4423 1 -0.0717601 -0.0769626    10.6136     3.0634    20.0106 -0.0729098 -0.0769626    10.6136     3.0634    20.0106  -0.00103261  1.68156e-44 -1.68156e-44  0.000309937   0.00031253 -6.83269
84.4599 1 -0.0717601 -0.0769626    10.6136     3.0634    20.0106 -0.0729147 -0.0769626    10.6136     3.0634    20.0106 -0.000988043  1.68156e-44 -1.68156e-44  0.000282871  0.000285238 -6.83269
84.507 1 -0.0717601 -0.0769626    10.6136     3.0634    20.0106 -0.0729387 -0.0769626    10.6136     3.0634    20.0106  -0.00107346  1.68156e-44 -1.68156e-44  0.000221698  0.000223553 -6.83269
84.5247 1 -0.0717601 -0.0769626    10.6136     3.0634    20.0106 -0.0729436 -0.0769626    10.6136     3.0634    20.0106  -0.00102418  1.68156e-44 -1.68156e-44  0.000202338  0.000204031 -6.83269
84.5541 1 -0.0717601 -0.0769626    10.6136     3.0634    20.0106 -0.0729633 -0.0769626    10.6136     3.0634    20.0106  -0.00110774  1.68156e-44 -1.68156e-44  0.000168542  0.000169952 -6.83269
84.5717 1 -0.0717601 -0.0769626    10.6136     3.0634    20.0106 -0.0729716 -0.0769626    10.6136     3.0634    20.0106  -0.00110445  1.68156e-44 -1.68156e-44  0.000153824  0.000155111 -6.83269
84.5894 1 -0.0717601 -0.0769626    10.6136     3.0634    20.0106 -0.0729733 -0.0769626    10.6136     3.0634    20.0106  -0.00100415  1.68156e-44 -1.68156e-44  0.000140391  0.000141565 -6.83269
84.6129 1 -0.0717601 -0.0769626    10.6136     3.0634    20.0106 -0.0729964 -0.0769626    10.6136     3.0634    20.0106  -0.00116858  1.68156e-44 -1.68156e-44  0.000120558  0.000121567 -6.83269
84.6305 1 -0.0717601 -0.0769626    10.6136     3.0634    20.0106 -0.0730013 -0.0769626    10.6136     3.0634    20.0106  -0.00110845  1.68156e-44 -1.68156e-44   0.00011003  0.000110951 -6.83269
84.6482 1 -0.0717601 -0.0769626    10.6136     3.0634    20.0106 -0.0730024 -0.0769626    10.6136     3.0634    20.0106 -0.000996837  1.68156e-44 -1.68156e-44  0.000100422  0.000101262 -6.83269
84.6718 1 -0.0717601 -0.0769626    10.6136     3.0634    20.0106 -0.0730212 -0.0769626    10.6136     3.0634    20.0106   -0.0011391  1.68156e-44 -1.68156e-44  8.89027e-05  8.96465e-05 -6.83269
84.6894 1 -0.0717601 -0.0769626    10.6136     3.0634    20.0106 -0.0730303 -0.0769626    10.6136     3.0634    20.0106  -0.00110111  1.68156e-44 -1.68156e-44  7.87049e-05  7.93634e-05 -6.83269
84.707 1 -0.0717601 -0.0769626    10.6136     3.0634    20.0106 -0.0730313 -0.0769626    10.6136     3.0634    20.0106 -0.000990233  1.68156e-44 -1.68156e-44  7.18319e-05  7.24329e-05 -6.83269
84.7306 1 -0.0717601 -0.0769626    10.6136     3.0634    20.0106 -0.0730501 -0.0769626    10.6136     3.0634    20.0106  -0.00113325  1.68156e-44 -1.68156e-44  6.35922e-05  6.41243e-05 -6.83269
84.7482 1 -0.0717601 -0.0769626    10.6136     3.0634    20.0106 -0.0730583 -0.0769626    10.6136     3.0634    20.0106   -0.0011268  1.68156e-44 -1.68156e-44  5.80389e-05  5.85245e-05 -6.83269
84.7658 1 -0.0717601 -0.0769626    10.6136     3.0634    20.0106 -0.0730602 -0.0769626    10.6136     3.0634    20.0106 -0.000985956  1.68156e-44 -1.68156e-44  5.13815e-05  5.18114e-05 -6.83269
84.7835 1 -0.0717601 -0.0769626    10.6136     3.0634    20.0106 -0.0730789 -0.0769626    10.6136     3.0634    20.0106  -0.00116418  1.68156e-44 -1.68156e-44  4.68945e-05  4.72868e-05 -6.83269
84.8012 1 -0.0717601 -0.0769626    10.6136     3.0634    20.0106 -0.0730871 -0.0769626    10.6136     3.0634    20.0106  -0.00115438  1.68156e-44 -1.68156e-44  4.27993e-05  4.31574e-05 -6.83269
84.8188 1 -0.0717601 -0.0769626    10.6136     3.0634    20.0106 -0.0730889 -0.0769626    10.6136     3.0634    20.0106  -0.00104821  1.68156e-44 -1.68156e-44  3.90618e-05  3.93886e-05 -6.83269
84.8364 1 -0.0717601 -0.0769626    10.6136     3.0634    20.0106  -0.073112 -0.0769626    10.6136     3.0634    20.0106  -0.00124023  1.68156e-44 -1.68156e-44  3.45811e-05  3.48705e-05 -6.83269
108.872 1 -0.0720202 -0.0769626    10.6136     3.0634    20.0106  -0.071482 -0.0769626    10.6136     3.0634    20.0106   0.00112245  1.68156e-44 -1.68156e-44  2.24208e-44  2.24208e-44 2.12703
108.89 1 -0.0720202 -0.0769626    10.6136     3.0634    20.0106 -0.0714619 -0.0769626    10.6136     3.0634    20.0106   0.00130756  1.68156e-44 -1.68156e-44  2.24208e-44  2.24208e-44 2.12703
108.907 1 -0.0720202 -0.0769626    10.6136     3.0634    20.0106 -0.0714464 -0.0769626    10.6136     3.0634    20.0106   0.00139094  1.68156e-44 -1.68156e-44  2.24208e-44  2.24208e-44 2.12703
108.925 1 -0.0720202 -0.0769626    10.6136     3.0634    20.0106  -0.071406 -0.0769626    10.6136     3.0634    20.0106   0.00179061  1.68156e-44 -1.68156e-44  2.24208e-44  2.24208e-44 2.12703
108.943 1 -0.0720202 -0.0769626    10.6136     3.0634    20.0106 -0.0713706 -0.0769626    10.6136     3.0634    20.0106   0.00212984  1.68156e-44 -1.68156e-44  2.24208e-44  2.24208e-44 2.12703
108.96 1 -0.0720202 -0.0769626    10.6136     3.0634    20.0106 -0.0713245 -0.0769626    10.6136     3.0634    20.0106   0.00259212  1.68156e-44 -1.68156e-44  2.24208e-44  2.24208e-44 2.12703
108.978 1 -0.0720202 -0.0769626    10.6136     3.0634    20.0106 -0.0712693 -0.0769626    10.6136     3.0634    20.0106   0.00314088  1.68156e-44 -1.68156e-44  2.24208e-44  2.24208e-44 2.12703
108.996 1 -0.0720202 -0.0769626    10.6136     3.0634    20.0106  -0.071212 -0.0769626    10.6136     3.0634    20.0106   0.00365678  1.68156e-44 -1.68156e-44  2.24208e-44  2.24208e-44 2.12703
109.013 1 -0.0720202 -0.0769626    10.6136     3.0634    20.0106 -0.0711308 -0.0769626    10.6136     3.0634    20.0106   0.00433205  1.68156e-44 -1.68156e-44  2.24208e-44  2.24208e-44 2.12703
109.031 1 -0.0720202 -0.0769626    10.6136     3.0634    20.0106 -0.0710688 -0.0769626    10.6136     3.0634    20.0106   0.00478159  1.68156e-44 -1.68156e-44  2.24208e-44  2.24208e-44 2.12703
109.048 1 -0.0720202 -0.0769626    10.6136     3.0634    20.0106 -0.0710101 -0.0769626    10.6136     3.0634    20.0106   0.00513017  1.68156e-44 -1.68156e-44  2.24208e-44  2.24208e-44 2.12703
109.066 1 -0.0720202 -0.0769626    10.6136     3.0634    20.0106 -0.0709521 -0.0769626    10.6136     3.0634    20.0106   0.00542784  1.68156e-44 -1.68156e-44  2.24208e-44  2.24208e-44 2.12703
109.084 1 -0.0720202 -0.0769626    10.6136     3.0634    20.0106 -0.0708917 -0.0769626    10.6136     3.0634    20.0106   0.00552425  1.68156e-44 -1.68156e-44  2.24208e-44  2.24208e-44 2.12703
109.101 1 -0.0720202 -0.0769626    10.6136     3.0634    20.0106 -0.0708516 -0.0769626    10.6136     3.0634    20.0106   0.00550283  1.68156e-44 -1.68156e-44  2.24208e-44  2.24208e-44 2.12703
109.119 1 -0.0720202 -0.0769626    10.6136     3.0634    20.0106 -0.0708273 -0.0769626    10.6136     3.0634    20.0106   0.00524778  1.68156e-44 -1.68156e-44  2.24208e-44  2.24208e-44 2.12703
109.137 1 -0.0720202 -0.0769626    10.6136     3.0634    20.0106 -0.0708109 -0.0769626    10.6136     3.0634    20.0106   0.00489089  1.68156e-44 -1.68156e-44  2.24208e-44  2.24208e-44 2.12703
109.154 1 -0.0720202 -0.0769626    10.6136     3.0634    20.0106 -0.0707818 -0.0769626    10.6136     3.0634    20.0106   0.00458167  1.68156e-44 -1.68156e-44  2.24208e-44  2.24208e-44 2.12703
109.172 1 -0.0720202 -0.0769626    10.6136     3.0634    20.0106 -0.0707784 -0.0769626    10.6136     3.0634    20.0106   0.00410509  1.68156e-44 -1.68156e-44  2.24208e-44  2.24208e-44 2.12703
109.19 1 -0.0720202 -0.0769626    10.6136     3.0634    20.0106  -0.070755 -0.0769626    10.6136     3.0634    20.0106   0.00398657  1.68156e-44 -1.68156e-44  2.24208e-44  2.24208e-44 2.12703
109.207 1 -0.0720202 -0.0769626    10.6136     3.0634    20.0106   -0.07075 -0.0769626    10.6136     3.0634    20.0106   0.00360367  1.68156e-44 -1.68156e-44  2.24208e-44  2.24208e-44 2.12703
168.819 1 -0.0707775 -0.0769626    10.6136     3.0634    20.0106 -0.0717286 -0.0769626    10.6136    3.06282    20.0111  -0.00132883  1.68156e-44 -1.68156e-44  -0.00741051   0.00741113 -7.07667
168.837 1 -0.0707775 -0.0769626    10.6136     3.0634    20.0106  -0.071806 -0.0769626    10.6136    3.06349    20.0105  -0.00236704  1.68156e-44 -1.68156e-44   0.00127081  -0.00127092 -7.07667
168.855 1 -0.0707775 -0.0769626    10.6136     3.0634    20.0106 -0.0718907 -0.0769626     10.615    3.06408    20.0099 -0.00339619 1.68156e-44   0.0217644  0.00799808 -0.00799784 -7.07667
168.872 1 -0.0707775 -0.0769626    10.6136     3.0634    20.0106 -0.0719543 -0.0769626    10.6139      3.063     20.011 -0.00398698 1.68156e-44  0.00219084 -0.00529078  0.00527922 -7.07667
168.89 1 -0.0707775 -0.0769626    10.6136     3.0634    20.0106 -0.0720091 -0.0769626    10.6136    3.06315    20.0108 -0.00420317 1.68156e-44 -0.00210682 -0.00273016  0.00271894 -7.07667
168.908 1 -0.0707775 -0.0769626    10.6136     3.0634    20.0106 -0.0720404 -0.0769626    10.6136    3.06334    20.0106  -0.00419344  1.68156e-44  -0.00234108 -0.000270993  0.000282963 -7.07667
168.925 1 -0.0707775 -0.0769626    10.6136     3.0634    20.0106 -0.0720588 -0.0769626    10.6136    3.06338    20.0106  -0.00399757  1.68156e-44  -0.00217204  0.000236192 -0.000224935 -7.07667
168.943 1 -0.0707775 -0.0769626    10.6136     3.0634    20.0106 -0.0720854 -0.0769626     10.615    3.06339    20.0106  -0.00395003  1.68156e-44     0.019814  0.000325596 -0.000337876 -7.07667
168.961 1 -0.0707775 -0.0769626    10.6136     3.0634    20.0106 -0.0721383 -0.0769626    10.6139     3.0634    20.0106  -0.00415845  1.68156e-44  0.000110717   0.00030946 -0.000299119 -7.07667
168.978 1 -0.0707775 -0.0769626    10.6136     3.0634    20.0106 -0.0721774 -0.0769626    10.6136     3.0634    20.0106  -0.00428102  1.68156e-44  -0.00399492  0.000282436 -0.000272998 -7.07667
168.996 1 -0.0707775 -0.0769626    10.6136     3.0634    20.0106 -0.0722243 -0.0769626    10.6136     3.0634    20.0106  -0.00450754  1.68156e-44  -0.00441655  0.000257772 -0.000249158 -7.07667
169.013 1 -0.0707775 -0.0769626    10.6136     3.0634    20.0106 -0.0722455 -0.0769626    10.6136     3.0634    20.0106 -0.00430976 1.68156e-44 -0.00409503 0.000235261  -0.0002274 -7.07667
169.031 1 -0.0707775 -0.0769626    10.6136     3.0634    20.0106 -0.0722506 -0.0769626    10.6136     3.0634    20.0106  -0.00373529  1.68156e-44  -0.00352031  0.000208275 -0.000201316 -7.07667
169.049 1 -0.0707775 -0.0769626    10.6136     3.0634    20.0106 -0.0722512 -0.0769626    10.6136     3.0634    20.0106  -0.00331378  1.68156e-44  -0.00311455  0.000190087 -0.000183735 -7.07667
169.066 1 -0.0707775 -0.0769626    10.6136     3.0634    20.0106 -0.0722513 -0.0769626    10.6136     3.0634    20.0106 -0.00293374 1.68156e-44 -0.00275555 0.000173487 -0.00016769 -7.07667
169.084 1 -0.0707775 -0.0769626    10.6136     3.0634    20.0106 -0.0722629 -0.0769626    10.6136     3.0634    20.0106  -0.00278093  1.68156e-44  -0.00243793  0.000158337 -0.000153046 -7.07667
169.102 1 -0.0707775 -0.0769626    10.6136     3.0634    20.0106 -0.0722765 -0.0769626    10.6143     3.0634    20.0106  -0.00266647  1.68156e-44   0.00956183   0.00014451 -0.000139681 -7.07667
169.119 1 -0.0707775 -0.0769626    10.6136     3.0634    20.0106 -0.0723024 -0.0769626    10.6152     3.0634    20.0106  -0.00265642  1.68156e-44    0.0221683  0.000127934 -0.000123659 -7.07667
169.137 1 -0.0707775 -0.0769626    10.6136     3.0634    20.0106 -0.0723077 -0.0769626    10.6146     3.0634    20.0106 -0.00243022 1.68156e-44  0.00958588 0.000116762 -0.00011286 -7.07667
169.155 1 -0.0707775 -0.0769626    10.6136     3.0634    20.0106 -0.0723088 -0.0769626    10.6138     3.0634    20.0106  -0.00216739  1.68156e-44  -0.00421613  0.000106565 -0.000103004 -7.07667
197.761 1 -0.0712977 -0.0769626    10.6136     3.0634    20.0106 -0.0704634 -0.0769626    10.6136     3.0634    20.0106   0.00106513  1.68156e-44 -1.68156e-44  2.24208e-44 -2.24208e-44 2.36201
197.778 1 -0.0712977 -0.0769626    10.6136     3.0634    20.0106 -0.0704604 -0.0769626    10.6136     3.0634    20.0106  0.000987329  1.68156e-44 -1.68156e-44  2.24208e-44 -2.24208e-44 2.36201
197.796 1 -0.0712977 -0.0769626    10.6136     3.0634    20.0106 -0.0704371 -0.0769626    10.6136     3.0634    20.0106    0.0012267  1.68156e-44 -1.68156e-44  2.24208e-44 -2.24208e-44 2.36201
197.814 1 -0.0712977 -0.0769626    10.6136     3.0634    20.0106 -0.0704136 -0.0769626    10.6136     3.0634    20.0106   0.00145017  1.68156e-44 -1.68156e-44  2.24208e-44 -2.24208e-44 2.36201
197.831 1 -0.0712977 -0.0769626    10.6136     3.0634    20.0106 -0.0703928 -0.0769626    10.6136     3.0634    20.0106   0.00160824  1.68156e-44 -1.68156e-44  2.24208e-44 -2.24208e-44 2.36201
197.849 1 -0.0712977 -0.0769626    10.6136     3.0634    20.0106  -0.070357 -0.0769626    10.6136     3.0634    20.0106   0.00190886  1.68156e-44 -1.68156e-44  2.24208e-44 -2.24208e-44 2.36201
197.867 1 -0.0712977 -0.0769626    10.6136     3.0634    20.0106 -0.0703283 -0.0769626    10.6136     3.0634    20.0106   0.00213165  1.68156e-44 -1.68156e-44  2.24208e-44 -2.24208e-44 2.36201
197.884 1 -0.0712977 -0.0769626    10.6136     3.0634    20.0106 -0.0702995 -0.0769626    10.6136     3.0634    20.0106   0.00233159  1.68156e-44 -1.68156e-44  2.24208e-44 -2.24208e-44 2.36201
197.902 1 -0.0712977 -0.0769626    10.6136     3.0634    20.0106 -0.0702549 -0.0769626    10.6136     3.0634    20.0106   0.00274892  1.68156e-44 -1.68156e-44  2.24208e-44 -2.24208e-44 2.36201
197.92 1 -0.0712977 -0.0769626    10.6136     3.0634    20.0106 -0.0701766 -0.0769626    10.6136     3.0634    20.0106    0.0035165  1.68156e-44 -1.68156e-44  2.24208e-44 -2.24208e-44 2.36201
197.937 1 -0.0712977 -0.0769626    10.6136     3.0634    20.0106 -0.0701192 -0.0769626    10.6136     3.0634    20.0106   0.00399976  1.68156e-44 -1.68156e-44  2.24208e-44 -2.24208e-44 2.36201
197.955 1 -0.0712977 -0.0769626    10.6136     3.0634    20.0106 -0.0700389 -0.0769626    10.6136     3.0634    20.0106   0.00477506  1.68156e-44 -1.68156e-44  2.24208e-44 -2.24208e-44 2.36201
197.973 1 -0.0712977 -0.0769626    10.6136     3.0634    20.0106 -0.0699646 -0.0769626    10.6136     3.0634    20.0106   0.00537781  1.68156e-44 -1.68156e-44  2.24208e-44 -2.24208e-44 2.36201
197.99 1 -0.0712977 -0.0769626    10.6136     3.0634    20.0106 -0.0698533 -0.0769626    10.6136     3.0634    20.0106   0.00626149  1.68156e-44 -1.68156e-44  2.24208e-44 -2.24208e-44 2.36201
198.008 1 -0.0712977 -0.0769626    10.6136     3.0634    20.0106 -0.0697548 -0.0769626    10.6136     3.0634    20.0106   0.00705031  1.68156e-44 -1.68156e-44  2.24208e-44 -2.24208e-44 2.36201
198.026 1 -0.0712977 -0.0769626    10.6136     3.0634    20.0106 -0.0696656 -0.0769626    10.6136     3.0634    20.0106   0.00760846  1.68156e-44 -1.68156e-44  2.24208e-44 -2.24208e-44 2.36201
198.043 1 -0.0712977 -0.0769626    10.6136     3.0634    20.0106 -0.0695557 -0.0769626    10.6136     3.0634    20.0106   0.00841579  1.68156e-44 -1.68156e-44  2.24208e-44 -2.24208e-44 2.36201
198.061 1 -0.0712977 -0.0769626    10.6136     3.0634    20.0106 -0.0694119 -0.0769626    10.6136     3.0634    20.0106   0.00931469  1.68156e-44 -1.68156e-44  2.24208e-44 -2.24208e-44 2.36201
198.078 1 -0.0712977 -0.0769626    10.6136     3.0634    20.0106 -0.0693012 -0.0769626    10.6136     3.0634    20.0106   0.00994618  1.68156e-44 -1.68156e-44  2.24208e-44 -2.24208e-44 2.36201
198.096 1 -0.0712977 -0.0769626    10.6136     3.0634    20.0106 -0.0691866 -0.0769626    10.6136     3.0634    20.0106    0.0105625  1.68156e-44 -1.68156e-44  2.24208e-44 -2.24208e-44 2.36201
271.555 1  -0.068639 -0.0769626    10.6136     3.0634    20.0106 -0.0706845 -0.0769626    10.6136     3.0634    20.0106  -0.00104143  1.68156e-44 -1.68156e-44  2.24208e-44  2.24208e-44 -7.80462
271.573 1  -0.068639 -0.0769626    10.6136     3.0634    20.0106 -0.0706894 -0.0769626    10.6136     3.0634    20.0106 -0.000996863  1.68156e-44 -1.68156e-44  2.24208e-44  2.24208e-44 -7.80462
271.591 1  -0.068639 -0.0769626    10.6136     3.0634    20.0106 -0.0707158 -0.0769626    10.6136     3.0634    20.0106  -0.00123408  1.68156e-44 -1.68156e-44  2.24208e-44  2.24208e-44 -7.80462
271.608 1  -0.068639 -0.0769626    10.6136     3.0634    20.0106 -0.0707304 -0.0769626    10.6136     3.0634    20.0106  -0.00132339  1.68156e-44 -1.68156e-44  2.24208e-44  2.24208e-44 -7.80462
271.626 1  -0.068639 -0.0769626    10.6136     3.0634    20.0106 -0.0707562 -0.0769626    10.6136     3.0634    20.0106    -0.001572  1.68156e-44 -1.68156e-44  2.24208e-44  2.24208e-44 -7.80462
271.643 1  -0.068639 -0.0769626    10.6136     3.0634    20.0106 -0.0707845 -0.0769626    10.6136     3.0634    20.0106  -0.00182867  1.68156e-44 -1.68156e-44  2.24208e-44  2.24208e-44 -7.80462
271.661 1  -0.068639 -0.0769626    10.6136     3.0634    20.0106 -0.0708132 -0.0769626    10.6136     3.0634    20.0106  -0.00206354  1.68156e-44 -1.68156e-44  2.24208e-44  2.24208e-44 -7.80462
271.679 1  -0.068639 -0.0769626    10.6136     3.0634    20.0106 -0.0708667 -0.0769626    10.6136     3.0634    20.0106  -0.00256373  1.68156e-44 -1.68156e-44  2.24208e-44  2.24208e-44 -7.80462
271.696 1  -0.068639 -0.0769626    10.6136     3.0634    20.0106 -0.0709175 -0.0769626    10.6136     3.0634    20.0106  -0.00305614  1.68156e-44 -1.68156e-44  2.24208e-44  2.24208e-44 -7.80462
271.714 1  -0.068639 -0.0769626    10.6136     3.0634    20.0106 -0.0709737 -0.0769626    10.6136     3.0634    20.0106  -0.00357494  1.68156e-44 -1.68156e-44  2.24208e-44  2.24208e-44 -7.80462
271.732 1  -0.068639 -0.0769626    10.6136     3.0634    20.0106 -0.0710354 -0.0769626    10.6136     3.0634    20.0106  -0.00410712  1.68156e-44 -1.68156e-44  2.24208e-44  2.24208e-44 -7.80462
271.749 1  -0.068639 -0.0769626    10.6136     3.0634    20.0106 -0.0711403 -0.0769626    10.6136     3.0634    20.0106  -0.00507356  1.68156e-44 -1.68156e-44  2.24208e-44  2.24208e-44 -7.80462
271.767 1  -0.068639 -0.0769626    10.6136     3.0634    20.0106 -0.0712373 -0.0769626    10.6136     3.0634    20.0106  -0.00598727  1.68156e-44 -1.68156e-44  2.24208e-44  2.24208e-44 -7.80462
271.785 1  -0.068639 -0.0769626    10.6136     3.0634    20.0106 -0.0713374 -0.0769626    10.6136     3.0634    20.0106  -0.00683165  1.68156e-44 -1.68156e-44  2.24208e-44  2.24208e-44 -7.80462
271.802 1  -0.068639 -0.0769626    10.6136     3.0634    20.0106 -0.0714385 -0.0769626    10.6136     3.0634    20.0106  -0.00760509  1.68156e-44 -1.68156e-44  2.24208e-44  2.24208e-44 -7.80462
271.82 1  -0.068639 -0.0769626    10.6136     3.0634    20.0106 -0.0715699 -0.0769626    10.6136     3.0634    20.0106  -0.00843305  1.68156e-44 -1.68156e-44  2.24208e-44  2.24208e-44 -7.80462
271.838 1  -0.068639 -0.0769626    10.6136     3.0634    20.0106 -0.0716584 -0.0769626    10.6136     3.0634    20.0106  -0.00882131  1.68156e-44 -1.68156e-44  2.24208e-44  2.24208e-44 -7.80462
271.855 1  -0.068639 -0.0769626    10.6136     3.0634    20.0106 -0.0717455 -0.0769626    10.6136     3.0634    20.0106   -0.0091429  1.68156e-44 -1.68156e-44  2.24208e-44  2.24208e-44 -7.80462
271.873 1  -0.068639 -0.0769626    10.6136     3.0634    20.0106 -0.0718323 -0.0769626    10.6136     3.0634    20.0106  -0.00942278  1.68156e-44 -1.68156e-44  2.24208e-44  2.24208e-44 -7.80462
271.891 1  -0.068639 -0.0769626    10.6136     3.0634    20.0106 -0.0719479 -0.0769626    10.6136     3.0634    20.0106  -0.00974503  1.68156e-44 -1.68156e-44  2.24208e-44  2.24208e-44 -7.80462
292.438 1 -0.0708353 -0.0769626    10.6136     3.0634    20.0106 -0.0703793 -0.0769626    10.6136     3.0634    20.0106   0.00109361  1.68156e-44 -1.68156e-44  2.24208e-44 -2.24208e-44 1.86103
292.456 1 -0.0708353 -0.0769626    10.6136     3.0634    20.0106 -0.0703558 -0.0769626    10.6136     3.0634    20.0106   0.00133229  1.68156e-44 -1.68156e-44  2.24208e-44 -2.24208e-44 1.86103
292.473 1 -0.0708353 -0.0769626    10.6136     3.0634    20.0106  -0.070335 -0.0769626    10.6136     3.0634    20.0106   0.00150383  1.68156e-44 -1.68156e-44  2.24208e-44 -2.24208e-44 1.86103
292.491 1 -0.0708353 -0.0769626    10.6136     3.0634    20.0106 -0.0703009 -0.0769626    10.6136     3.0634    20.0106   0.00185545  1.68156e-44 -1.68156e-44  2.24208e-44 -2.24208e-44 1.86103
292.508 1 -0.0708353 -0.0769626    10.6136     3.0634    20.0106 -0.0702445 -0.0769626    10.6136     3.0634    20.0106   0.00242235  1.68156e-44 -1.68156e-44  2.24208e-44 -2.24208e-44 1.86103
292.526 1 -0.0708353 -0.0769626    10.6136     3.0634    20.0106 -0.0701908 -0.0769626    10.6136     3.0634    20.0106   0.00296603  1.68156e-44 -1.68156e-44  2.24208e-44 -2.24208e-44 1.86103
292.544 1 -0.0708353 -0.0769626    10.6136     3.0634    20.0106 -0.0701223 -0.0769626    10.6136     3.0634    20.0106   0.00368028  1.68156e-44 -1.68156e-44  2.24208e-44 -2.24208e-44 1.86103
292.561 1 -0.0708353 -0.0769626    10.6136     3.0634    20.0106 -0.0700395 -0.0769626    10.6136     3.0634    20.0106   0.00452879  1.68156e-44 -1.68156e-44  2.24208e-44 -2.24208e-44 1.86103
292.579 1 -0.0708353 -0.0769626    10.6136     3.0634    20.0106 -0.0699249 -0.0769626    10.6136     3.0634    20.0106    0.0055742  1.68156e-44 -1.68156e-44  2.24208e-44 -2.24208e-44 1.86103
292.597 1 -0.0708353 -0.0769626    10.6136     3.0634    20.0106 -0.0698383 -0.0769626    10.6136     3.0634    20.0106   0.00626249  1.68156e-44 -1.68156e-44  2.24208e-44 -2.24208e-44 1.86103
292.614 1 -0.0708353 -0.0769626    10.6136     3.0634    20.0106 -0.0697516 -0.0769626    10.6136     3.0634    20.0106   0.00687258  1.68156e-44 -1.68156e-44  2.24208e-44 -2.24208e-44 1.86103
292.632 1 -0.0708353 -0.0769626    10.6136     3.0634    20.0106 -0.0696464 -0.0769626    10.6136     3.0634    20.0106   0.00770128  1.68156e-44 -1.68156e-44  2.24208e-44 -2.24208e-44 1.86103
292.65 1 -0.0708353 -0.0769626    10.6136     3.0634    20.0106 -0.0695516 -0.0769626    10.6136     3.0634    20.0106   0.00826958  1.68156e-44 -1.68156e-44  2.24208e-44 -2.24208e-44 1.86103
292.667 1 -0.0708353 -0.0769626    10.6136     3.0634    20.0106 -0.0694089 -0.0769626    10.6136     3.0634    20.0106    0.0091638  1.68156e-44 -1.68156e-44  2.24208e-44 -2.24208e-44 1.86103
292.685 1 -0.0708353 -0.0769626    10.6136     3.0634    20.0106  -0.069319 -0.0769626    10.6136     3.0634    20.0106   0.00948794  1.68156e-44 -1.68156e-44  2.24208e-44 -2.24208e-44 1.86103
292.703 1 -0.0708353 -0.0769626    10.6136     3.0634    20.0106 -0.0692316 -0.0769626    10.6136     3.0634    20.0106   0.00973709  1.68156e-44 -1.68156e-44  2.24208e-44 -2.24208e-44 1.86103
292.72 1 -0.0708353 -0.0769626    10.6136     3.0634    20.0106 -0.0691221 -0.0769626    10.6136     3.0634    20.0106     0.010293  1.68156e-44 -1.68156e-44  2.24208e-44 -2.24208e-44 1.86103
292.738 1 -0.0708353 -0.0769626    10.6136     3.0634    20.0106  -0.069001 -0.0769626    10.6136     3.0634    20.0106    0.0105642  1.68156e-44 -1.68156e-44  2.24208e-44 -2.24208e-44 1.86103
292.756 1 -0.0708353 -0.0769626    10.6136     3.0634    20.0106 -0.0689022 -0.0769626    10.6136     3.0634    20.0106    0.0108735  1.68156e-44 -1.68156e-44  2.24208e-44 -2.24208e-44 1.86103
292.773 1 -0.0708353 -0.0769626    10.6136     3.0634    20.0106 -0.0688017 -0.0769626    10.6136     3.0634    20.0106    0.0111608  1.68156e-44 -1.68156e-44  2.24208e-44 -2.24208e-44 1.86103
350.603 1 -0.0683211 -0.0769626    10.6136     3.0634    20.0106 -0.0691774 -0.0769626    10.6136     3.0634    20.0106  -0.00109375  1.68156e-44 -1.68156e-44  2.24208e-44 -2.24208e-44 -7.10167
350.621 1 -0.0683211 -0.0769626    10.6136     3.0634    20.0106 -0.0691983 -0.0769626    10.6136     3.0634    20.0106   -0.0012509  1.68156e-44 -1.68156e-44  2.24208e-44 -2.24208e-44 -7.10167
350.638 1 -0.0683211 -0.0769626    10.6136     3.0634    20.0106 -0.0692129 -0.0769626    10.6136     3.0634    20.0106   -0.0013294  1.68156e-44 -1.68156e-44  2.24208e-44 -2.24208e-44 -7.10167
350.656 1 -0.0683211 -0.0769626    10.6136     3.0634    20.0106 -0.0692346 -0.0769626    10.6136     3.0634    20.0106  -0.00151266  1.68156e-44 -1.68156e-44  2.24208e-44 -2.24208e-44 -7.10167
350.673 1 -0.0683211 -0.0769626    10.6136     3.0634    20.0106 -0.0692619 -0.0769626    10.6136     3.0634    20.0106   -0.0017609  1.68156e-44 -1.68156e-44  2.24208e-44 -2.24208e-44 -7.10167
350.691 1 -0.0683211 -0.0769626    10.6136     3.0634    20.0106 -0.0693098 -0.0769626    10.6136     3.0634    20.0106  -0.00221468  1.68156e-44 -1.68156e-44  2.24208e-44 -2.24208e-44 -7.10167
350.709 1 -0.0683211 -0.0769626    10.6136     3.0634    20.0106 -0.0693577 -0.0769626    10.6136     3.0634    20.0106  -0.00270338  1.68156e-44 -1.68156e-44  2.24208e-44 -2.24208e-44 -7.10167
350.726 1 -0.0683211 -0.0769626    10.6136     3.0634    20.0106 -0.0694134 -0.0769626    10.6136     3.0634    20.0106  -0.00325347  1.68156e-44 -1.68156e-44  2.24208e-44 -2.24208e-44 -7.10167
350.744 1 -0.0683211 -0.0769626    10.6136     3.0634    20.0106 -0.0694749 -0.0769626    10.6136     3.0634    20.0106  -0.00382068  1.68156e-44 -1.68156e-44  2.24208e-44 -2.24208e-44 -7.10167
350.762 1 -0.0683211 -0.0769626    10.6136     3.0634    20.0106  -0.069552 -0.0769626    10.6136     3.0634    20.0106  -0.00456692  1.68156e-44 -1.68156e-44  2.24208e-44 -2.24208e-44 -7.10167
350.779 1 -0.0683211 -0.0769626    10.6136     3.0634    20.0106 -0.0696537 -0.0769626    10.6136     3.0634    20.0106  -0.00540176  1.68156e-44 -1.68156e-44  2.24208e-44 -2.24208e-44 -7.10167
350.797 1 -0.0683211 -0.0769626    10.6136     3.0634    20.0106 -0.0697265 -0.0769626    10.6136     3.0634    20.0106  -0.00590125  1.68156e-44 -1.68156e-44  2.24208e-44 -2.24208e-44 -7.10167
350.815 1 -0.0683211 -0.0769626    10.6136     3.0634    20.0106 -0.0698102 -0.0769626    10.6136     3.0634    20.0106    -0.006508  1.68156e-44 -1.68156e-44  2.24208e-44 -2.24208e-44 -7.10167
350.832 1 -0.0683211 -0.0769626    10.6136     3.0634    20.0106 -0.0698963 -0.0769626    10.6136     3.0634    20.0106  -0.00708041  1.68156e-44 -1.68156e-44  2.24208e-44 -2.24208e-44 -7.10167
350.85 1 -0.0683211 -0.0769626    10.6136     3.0634    20.0106 -0.0699891 -0.0769626    10.6136     3.0634    20.0106  -0.00740945  1.68156e-44 -1.68156e-44  2.24208e-44 -2.24208e-44 -7.10167
350.868 1 -0.0683211 -0.0769626    10.6136     3.0634    20.0106 -0.0700593 -0.0769626    10.6136     3.0634    20.0106  -0.00762832  1.68156e-44 -1.68156e-44  2.24208e-44 -2.24208e-44 -7.10167
350.885 1 -0.0683211 -0.0769626    10.6136     3.0634    20.0106 -0.0701198 -0.0769626    10.6136     3.0634    20.0106  -0.00767418  1.68156e-44 -1.68156e-44  2.24208e-44 -2.24208e-44 -7.10167
350.903 1 -0.0683211 -0.0769626    10.6136     3.0634    20.0106 -0.0701712 -0.0769626    10.6136     3.0634    20.0106  -0.00757942  1.68156e-44 -1.68156e-44  2.24208e-44 -2.24208e-44 -7.10167
350.921 1 -0.0683211 -0.0769626    10.6136     3.0634    20.0106 -0.0702185 -0.0769626    10.6136     3.0634    20.0106  -0.00714356  1.68156e-44 -1.68156e-44  2.24208e-44 -2.24208e-44 -7.10167
350.938 1 -0.0683211 -0.0769626    10.6136     3.0634    20.0106 -0.0702489 -0.0769626    10.6136     3.0634    20.0106  -0.00678158  1.68156e-44 -1.68156e-44  2.24208e-44 -2.24208e-44 -7.10167
371.386 1 -0.0692459 -0.0769626    10.6136     3.0634    20.0106 -0.0687375 -0.0769626    10.6136     3.0634    20.0106   0.00123855  1.68156e-44 -1.68156e-44  2.24208e-44  2.24208e-44 1.64202
371.403 1 -0.0692459 -0.0769626    10.6136     3.0634    20.0106 -0.0687097 -0.0769626    10.6136     3.0634    20.0106    0.0015246  1.68156e-44 -1.68156e-44  2.24208e-44  2.24208e-44 1.64202
371.421 1 -0.0692459 -0.0769626    10.6136     3.0634    20.0106 -0.0686548 -0.0769626    10.6136     3.0634    20.0106   0.00211877  1.68156e-44 -1.68156e-44  2.24208e-44  2.24208e-44 1.64202
371.438 1 -0.0692459 -0.0769626    10.6136     3.0634    20.0106 -0.0686013 -0.0769626    10.6136     3.0634    20.0106   0.00269484  1.68156e-44 -1.68156e-44  2.24208e-44  2.24208e-44 1.64202
371.456 1 -0.0692459 -0.0769626    10.6136     3.0634    20.0106 -0.0685328 -0.0769626    10.6136     3.0634    20.0106   0.00343991  1.68156e-44 -1.68156e-44  2.24208e-44  2.24208e-44 1.64202
371.474 1 -0.0692459 -0.0769626    10.6136     3.0634    20.0106 -0.0684501 -0.0769626    10.6136     3.0634    20.0106    0.0043159  1.68156e-44 -1.68156e-44  2.24208e-44  2.24208e-44 1.64202
371.491 1 -0.0692459 -0.0769626    10.6136     3.0634    20.0106 -0.0683869 -0.0769626    10.6136     3.0634    20.0106   0.00479435  1.68156e-44 -1.68156e-44  2.24208e-44  2.24208e-44 1.64202
371.509 1 -0.0692459 -0.0769626    10.6136     3.0634    20.0106 -0.0682769 -0.0769626    10.6136     3.0634    20.0106   0.00573076  1.68156e-44 -1.68156e-44  2.24208e-44  2.24208e-44 1.64202
371.527 1 -0.0692459 -0.0769626    10.6136     3.0634    20.0106 -0.0682136 -0.0769626    10.6136     3.0634    20.0106   0.00604894  1.68156e-44 -1.68156e-44  2.24208e-44  2.24208e-44 1.64202
371.544 1 -0.0692459 -0.0769626    10.6136     3.0634    20.0106 -0.0681504 -0.0769626    10.6136     3.0634    20.0106   0.00631935  1.68156e-44 -1.68156e-44  2.24208e-44  2.24208e-44 1.64202
371.562 1 -0.0692459 -0.0769626    10.6136     3.0634    20.0106 -0.0680956 -0.0769626    10.6136     3.0634    20.0106   0.00643954  1.68156e-44 -1.68156e-44  2.24208e-44  2.24208e-44 1.64202
371.58 1 -0.0692459 -0.0769626    10.6136     3.0634    20.0106 -0.0680313 -0.0769626    10.6136     3.0634    20.0106   0.00644014  1.68156e-44 -1.68156e-44  2.24208e-44  2.24208e-44 1.64202
371.597 1 -0.0692459 -0.0769626    10.6136     3.0634    20.0106 -0.0679908 -0.0769626    10.6136     3.0634    20.0106   0.00631994  1.68156e-44 -1.68156e-44  2.24208e-44  2.24208e-44 1.64202
371.615 1 -0.0692459 -0.0769626    10.6136     3.0634    20.0106 -0.0679552 -0.0769626    10.6136     3.0634    20.0106   0.00613074  1.68156e-44 -1.68156e-44  2.24208e-44  2.24208e-44 1.64202
371.633 1 -0.0692459 -0.0769626    10.6136     3.0634    20.0106 -0.0679249 -0.0769626    10.6136     3.0634    20.0106   0.00588426  1.68156e-44 -1.68156e-44  2.24208e-44  2.24208e-44 1.64202
371.65 1 -0.0692459 -0.0769626    10.6136     3.0634    20.0106  -0.067895 -0.0769626    10.6136     3.0634    20.0106   0.00544824  1.68156e-44 -1.68156e-44  2.24208e-44  2.24208e-44 1.64202
371.668 1 -0.0692459 -0.0769626    10.6136     3.0634    20.0106 -0.0678777 -0.0769626    10.6136     3.0634    20.0106   0.00509226  1.68156e-44 -1.68156e-44  2.24208e-44  2.24208e-44 1.64202
371.686 1 -0.0692459 -0.0769626    10.6136     3.0634    20.0106 -0.0678628 -0.0769626    10.6136     3.0634    20.0106   0.00473026  1.68156e-44 -1.68156e-44  2.24208e-44  2.24208e-44 1.64202
371.703 1 -0.0692459 -0.0769626    10.6136     3.0634    20.0106 -0.0678411 -0.0769626    10.6136     3.0634    20.0106   0.00452221  1.68156e-44 -1.68156e-44  2.24208e-44  2.24208e-44 1.64202
371.721 1 -0.0692459 -0.0769626    10.6136     3.0634    20.0106 -0.0678323 -0.0769626    10.6136     3.0634    20.0106   0.00413518  1.68156e-44 -1.68156e-44  2.24208e-44  2.24208e-44 1.64202
420.456 1 -0.0678587 -0.0769626    10.6136     3.0634    20.0106 -0.0684781 -0.0769626    10.6143    3.06347    20.0105 -0.00127532 1.68156e-44   0.0117188  0.00258375 -0.00259085 -6.02475
420.474 1 -0.0678587 -0.0769626    10.6136     3.0634    20.0106 -0.0685252 -0.0769626    10.6151     3.0634    20.0099  -0.0018518 1.68156e-44   0.0234268  0.00121306 -0.00937883 -6.02475
420.492 1 -0.0678587 -0.0769626    10.6136     3.0634    20.0106 -0.0685807 -0.0769626    10.6139    3.06241    20.0108 -0.00248938 1.68156e-44  0.00176728  -0.0101666  0.00166982 -6.02475
420.509 1 -0.0678587 -0.0769626    10.6136     3.0634    20.0106 -0.0686063 -0.0769626    10.6136    3.06353    20.0103 -0.00249101 1.68156e-44 -0.00290115  0.00413319 -0.00382551 -6.02475
420.527 1 -0.0678587 -0.0769626    10.6136     3.0634    20.0106 -0.0686093 -0.0769626    10.6136    3.06355    20.0104 -0.00224931 1.68156e-44 -0.00310188   0.0038139 -0.00258792 -6.02475
420.545 1 -0.0678587 -0.0769626    10.6136     3.0634    20.0106 -0.0686099 -0.0769626    10.6136    3.06343    20.0105  -0.00199988  1.68156e-44  -0.00284515   0.00209522 -0.000779131 -6.02475
420.562 1 -0.0678587 -0.0769626    10.6136     3.0634    20.0106 -0.0686101 -0.0769626    10.6136    3.06374    20.0102 -0.00177139 1.68156e-44 -0.00254592  0.00568957 -0.00443323 -6.02475
420.58 1 -0.0678587 -0.0769626    10.6136     3.0634    20.0106 -0.0686286 -0.0769626    10.6136    3.06359    20.0104 -0.00185627 1.68156e-44 -0.00225247  0.00333225 -0.00219639 -6.02475
420.598 1 -0.0678587 -0.0769626    10.6136     3.0634    20.0106 -0.0686492 -0.0769626    10.6136    3.06342    20.0105   -0.0018948  1.68156e-44  -0.00191313   0.00101647 -1.12269e-05 -6.02475
420.615 1 -0.0678587 -0.0769626    10.6136     3.0634    20.0106 -0.0686639 -0.0769626    10.6136     3.0634    20.0106 -0.00189852 1.68156e-44 -0.00169261 0.000696879 0.000209146 -6.02475
420.633 1 -0.0678587 -0.0769626    10.6136     3.0634    20.0106 -0.0686897 -0.0769626    10.6136     3.0634    20.0106 -0.00207117 1.68156e-44 -0.00149751 0.000591943 0.000233953 -6.02475
420.65 1 -0.0678587 -0.0769626    10.6136     3.0634    20.0106 -0.0686959 -0.0769626    10.6136     3.0634    20.0106 -0.00185016 1.68156e-44 -0.00127191 0.000513598 0.000228006 -6.02475
420.668 1 -0.0678587 -0.0769626    10.6136     3.0634    20.0106 -0.0686966 -0.0769626    10.6136     3.0634    20.0106 -0.00164787 1.68156e-44  -0.0011253 0.000468747 0.000208095 -6.02475
420.686 1 -0.0678587 -0.0769626    10.6136     3.0634    20.0106 -0.0686968 -0.0769626    10.6136     3.0634    20.0106   -0.0014603  1.68156e-44 -0.000995596  0.000427813  0.000189923 -6.02475
420.703 1 -0.0678587 -0.0769626    10.6136     3.0634    20.0106 -0.0686968 -0.0769626    10.6136     3.0634    20.0106  -0.00129243  1.68156e-44 -0.000880839  0.000390453  0.000173337 -6.02475
420.721 1 -0.0678587 -0.0769626    10.6136     3.0634    20.0106 -0.0686968 -0.0769626    10.6136     3.0634    20.0106 -0.00114357 1.68156e-44 -0.00077931 0.000356356   0.0001582 -6.02475
420.739 1 -0.0678587 -0.0769626    10.6136     3.0634    20.0106 -0.0686968 -0.0769626    10.6136     3.0634    20.0106 -0.000971288  1.68156e-44 -0.000661905   0.00031548  0.000140054 -6.02475
420.756 1 -0.0678587 -0.0769626    10.6136     3.0634    20.0106 -0.0687153 -0.0769626    10.6136     3.0634    20.0106  -0.00114793  1.68156e-44 -0.000585611   0.00028793  0.000127823 -6.02475
420.774 1 -0.0678587 -0.0769626    10.6136     3.0634    20.0106 -0.0687234 -0.0769626    10.6136     3.0634    20.0106  -0.00113933  1.68156e-44 -0.000518111  0.000262786  0.000116661 -6.02475
420.792 1 -0.0678587 -0.0769626    10.6136     3.0634    20.0106 -0.0687252 -0.0769626    10.6136     3.0634    20.0106  -0.00103478  1.68156e-44 -0.000458391  0.000239837  0.000106473 -6.02475
446.392 1  -0.068061 -0.0769626    10.6136     3.0634    20.0106 -0.0674936 -0.0769626    10.6136     3.0634    20.0106    0.0010861  1.68156e-44 -1.68156e-44  2.24208e-44 -2.24208e-44 2.37401
446.41 1  -0.068061 -0.0769626    10.6136     3.0634    20.0106 -0.0674853 -0.0769626    10.6136     3.0634    20.0106   0.00108665  1.68156e-44 -1.68156e-44  2.24208e-44 -2.24208e-44 2.37401
446.427 1  -0.068061 -0.0769626    10.6136     3.0634    20.0106 -0.0674649 -0.0769626    10.6136     3.0634    20.0106   0.00124067  1.68156e-44 -1.68156e-44  2.24208e-44 -2.24208e-44 2.37401
446.445 1  -0.068061 -0.0769626    10.6136     3.0634    20.0106 -0.0674565 -0.0769626    10.6136     3.0634    20.0106   0.00122499  1.68156e-44 -1.68156e-44  2.24208e-44 -2.24208e-44 2.37401
446.463 1  -0.068061 -0.0769626    10.6136     3.0634    20.0106 -0.0674547 -0.0769626    10.6136     3.0634    20.0106   0.00111125  1.68156e-44 -1.68156e-44  2.24208e-44 -2.24208e-44 2.37401
446.48 1  -0.068061 -0.0769626    10.6136     3.0634    20.0106 -0.0674291 -0.0769626    10.6136     3.0634    20.0106   0.00132007  1.68156e-44 -1.68156e-44  2.24208e-44 -2.24208e-44 2.37401
446.498 1  -0.068061 -0.0769626    10.6136     3.0634    20.0106 -0.0674076 -0.0769626    10.6136     3.0634    20.0106   0.00150169  1.68156e-44 -1.68156e-44  2.24208e-44 -2.24208e-44 2.37401
446.516 1  -0.068061 -0.0769626    10.6136     3.0634    20.0106 -0.0673988 -0.0769626    10.6136     3.0634    20.0106   0.00146204  1.68156e-44 -1.68156e-44  2.24208e-44 -2.24208e-44 2.37401
446.533 1  -0.068061 -0.0769626    10.6136     3.0634    20.0106 -0.0673742 -0.0769626    10.6136     3.0634    20.0106   0.00166579  1.68156e-44 -1.68156e-44  2.24208e-44 -2.24208e-44 2.37401
446.551 1  -0.068061 -0.0769626    10.6136     3.0634    20.0106 -0.0673498 -0.0769626    10.6136     3.0634    20.0106   0.00179007  1.68156e-44 -1.68156e-44  2.24208e-44 -2.24208e-44 2.37401
446.569 1  -0.068061 -0.0769626    10.6136     3.0634    20.0106 -0.0673294 -0.0769626    10.6136     3.0634    20.0106   0.00190274  1.68156e-44 -1.68156e-44  2.24208e-44 -2.24208e-44 2.37401
446.586 1  -0.068061 -0.0769626    10.6136     3.0634    20.0106 -0.0673139 -0.0769626    10.6136     3.0634    20.0106   0.00191854  1.68156e-44 -1.68156e-44  2.24208e-44 -2.24208e-44 2.37401
446.604 1  -0.068061 -0.0769626    10.6136     3.0634    20.0106 -0.0672879 -0.0769626    10.6136     3.0634    20.0106   0.00209181  1.68156e-44 -1.68156e-44  2.24208e-44 -2.24208e-44 2.37401
446.622 1  -0.068061 -0.0769626    10.6136     3.0634    20.0106 -0.0672638 -0.0769626    10.6136     3.0634    20.0106   0.00222437  1.68156e-44 -1.68156e-44  2.24208e-44 -2.24208e-44 2.37401
446.639 1  -0.068061 -0.0769626    10.6136     3.0634    20.0106 -0.0672349 -0.0769626    10.6136     3.0634    20.0106   0.00233065  1.68156e-44 -1.68156e-44  2.24208e-44 -2.24208e-44 2.37401
446.657 1  -0.068061 -0.0769626    10.6136     3.0634    20.0106 -0.0672255 -0.0769626    10.6136     3.0634    20.0106   0.00220414  1.68156e-44 -1.68156e-44  2.24208e-44 -2.24208e-44 2.37401
446.674 1  -0.068061 -0.0769626    10.6136     3.0634    20.0106 -0.0672009 -0.0769626    10.6136     3.0634    20.0106    0.0023245  1.68156e-44 -1.68156e-44  2.24208e-44 -2.24208e-44 2.37401
446.692 1  -0.068061 -0.0769626    10.6136     3.0634    20.0106  -0.067184 -0.0769626    10.6136     3.0634    20.0106   0.00232224  1.68156e-44 -1.68156e-44  2.24208e-44 -2.24208e-44 2.37401
446.71 1  -0.068061 -0.0769626    10.6136     3.0634    20.0106 -0.0671676 -0.0769626    10.6136     3.0634    20.0106   0.00221302  1.68156e-44 -1.68156e-44  2.24208e-44 -2.24208e-44 2.37401
446.727 1  -0.068061 -0.0769626    10.6136     3.0634    20.0106 -0.0671472 -0.0769626    10.6136     3.0634    20.0106   0.00227545  1.68156e-44 -1.68156e-44  2.24208e-44 -2.24208e-44 2.37401
498.21 1 -0.0671941 -0.0769626    10.6136     3.0634    20.0106 -0.0678876 -0.0769626    10.6136     3.0634    20.0106  -1.1459e-07  1.68156e-44 -1.68156e-44  2.24208e-44 -2.24208e-44 2.37401
