54.6742 2  -0.0776755 -0.00237582    -10.4744    -8.53387       8.595  -0.0771331 -0.00237582    -10.4744    -8.53387       8.595   0.00106119 -1.68156e-44 -1.68156e-44 -7.99859e-16  7.99859e-16 6.40772
104.44 2  -0.0535161 -0.00237582    -10.4762    -8.53387       8.595  -0.0543478 -0.00239061    -10.4762    -8.53387       8.595  -0.00103045 -1.68156e-44 -1.68156e-44  1.52559e-06  1.52559e-06 -4.83183
163.941 2  -0.0548165 -0.00239061    -10.4762    -8.53387       8.595  -0.0541342 -0.00239061    -10.4762    -8.53387       8.595   0.00113195 -1.68156e-44 -1.68156e-44 -6.34651e-15  6.34651e-15 6.07574
222.506 2  -0.0527936 -0.00239061    -10.4762    -8.53387       8.595  -0.0542032 -0.00239061    -10.4762    -8.53387       8.595  -0.00103492 -1.68156e-44 -1.68156e-44  1.26033e-06  1.26799e-06 -5.64277
299.307 2  -0.0558569 -0.00239061    -10.4762    -8.53387       8.595  -0.0541347 -0.00239061    -10.4762    -8.53441     8.59446   0.00116506 -1.68156e-44 -1.68156e-44  -0.00640089  -0.00640089 6.6237
343.043 2  -0.0499904 -0.00239061    -10.4762    -8.53472     8.59415  -0.0506776 -0.00239061    -10.4762    -8.53389     8.59498  -0.00103604 -1.68156e-44  1.68156e-44  0.000839872  0.000839872 -4.39786
409.909 2  -0.0517821 -0.00239061    -10.4762    -8.53472     8.59415  -0.0507536 -0.00239061    -10.4762    -8.53472     8.59415   0.00124416 -1.68156e-44  1.68156e-44 -5.02564e-07 -5.02564e-07 7.37865
458.233 2  -0.0461758 -0.00239061    -10.4762    -8.53472     8.59415  -0.0469233 -0.00239061    -10.4762    -8.53387       8.595  -0.00100141 -1.68156e-44  1.68156e-44  8.16584e-10  8.16584e-10 -4.85383
519.464 2  -0.0500771 -0.00239061    -10.4762    -8.53387       8.595  -0.0495119 -0.00239061    -10.4762    -8.53387       8.595   0.00123833 -1.68156e-44  1.68156e-44  1.67274e-08  1.67274e-08 6.6407
572.2 2   -0.046118 -0.00239061    -10.4762    -8.53472     8.59415  -0.0468626 -0.00239061    -10.4762    -8.53387       8.595  -0.00109693 -1.68156e-44  7.96752e-29  1.03545e-12  1.03545e-12 -5.61878
628.583 2  -0.0531693 -0.00239061    -10.4762    -8.53388     8.59499  -0.0524821 -0.00239061    -10.4762    -8.53472     8.59415   0.00104566 -1.68156e-44  1.68156e-44 -1.19327e-05 -1.19327e-05 5.57978
683.331 2  -0.0498748 -0.00239061    -10.4762    -8.53471     8.59415  -0.0505855 -0.00239061    -10.4762    -8.53472     8.59415  -0.00124627 -1.68156e-44  1.68156e-44 -3.93023e-07 -4.23714e-07 -6.08174
741.008 2  -0.0556835 -0.00239061    -10.4762    -8.53472     8.59415  -0.0548852 -0.00239061    -10.4762    -8.53472     8.59415   0.00109406 -1.68156e-44 -1.68156e-44 -3.02178e-05 -3.02178e-05 5.45379
803.027 2  -0.0513198 -0.00239061    -10.4762    -8.53472     8.59415  -0.0524061 -0.00239061    -10.4762    -8.53472     8.59415  -0.00119461 -1.68156e-44  1.68156e-44 -9.43514e-07 -9.43514e-07 -6.27673
868.522 2  -0.0562615 -0.00239061    -10.4762    -8.53387       8.595  -0.0549388 -0.00239061    -10.4762    -8.53472     8.59415   0.00122819 -1.68156e-44  1.68156e-44 -7.17807e-05  7.17805e-05 5.58278
932.787 2  -0.0510308 -0.00239061    -10.4762    -8.53472     8.59415  -0.0521755 -0.00239061    -10.4762    -8.53387       8.595  -0.00118294 -1.68156e-44  3.03514e-25    0.0071768    0.0071768 -6.56871
993.253 2  -0.0586023 -0.00239061    -10.4762    -8.53472     8.59415  -0.0572189 -0.00239061    -10.4762    -8.53472     8.59415   0.00107279 -1.68156e-44  1.68156e-44 -1.49586e-08  7.04281e-09 5.01182
1056.65 2  -0.0557702 -0.00239061    -10.4762    -8.53472     8.59415  -0.0570019 -0.00239061    -10.4762    -8.53471     8.59414  -0.00112227 -1.68156e-44  1.68156e-44  -0.00384378  -0.00249725 -6.33572
1121.47 2  -0.0590935 -0.00239061    -10.4762    -8.53472     8.59415  -0.0580019 -0.00239061    -10.4762    -8.53388     8.59332   0.00109028 -1.68156e-44  1.68156e-44   0.00841749  -0.00841758 5.87476
1183.65 2  -0.0507707 -0.00239061    -10.4762    -8.53472     8.59415  -0.0519737 -0.00239061    -10.4762    -8.53387       8.595  -0.00113345 -1.68156e-44  1.68156e-44 -2.79579e-05  2.80154e-05 -6.07274
1235.6 2  -0.0576486 -0.00239061    -10.4762    -8.53387       8.595  -0.0569614 -0.00239061    -10.4762    -8.53438     8.59381   0.00107793 -1.68156e-44  1.68156e-44   0.00399358  -0.00399769 4.85383
1290.3 2  -0.0548165 -0.00239061    -10.4762    -8.53466     8.59409  -0.0557015 -0.00239061    -10.4762    -8.53387       8.595  -0.00117258 -1.68156e-44  1.68156e-44  -0.00022978  0.000318606 -5.58578
1348.62 2  -0.0562615 -0.00239061    -10.4762    -8.53302     8.59415  -0.0554641 -0.00239061    -10.4762    -8.53387       8.595   0.00123414 -1.68156e-44  1.68156e-44 -0.000644431  0.000644464 5.57978
1403.33 2  -0.0507996 -0.00239061    -10.4762    -8.53472     8.59415  -0.0515975 -0.00239061    -10.4762    -8.53472     8.59415  -0.00115092 -1.68156e-44  1.68156e-44 -3.06071e-05  3.05782e-05 -5.82576
1463.71 2  -0.0565215 -0.00239061    -10.4762    -8.53302     8.59415  -0.0556658 -0.00239061    -10.4762    -8.53387      8.5933   0.00117523 -1.68156e-44  1.68156e-44   0.00128046  -0.00128048 5.82276
1510.47 2  -0.0498748 -0.00239061    -10.4762    -8.53472     8.59415  -0.0504316 -0.00239061    -10.4762    -8.53472     8.59415  -0.00118974 -1.68156e-44  1.68156e-44 -1.12635e-05 -1.12635e-05 -5.09981
1574.51 2  -0.0534005 -0.00239061    -10.4762    -8.53387      8.5933  -0.0526314 -0.00239061    -10.4762    -8.53472     8.59415   0.00114194 -1.68156e-44  1.68156e-44 -5.80911e-06  5.80911e-06 6.57371
1619.48 2  -0.0463492 -0.00239061     -10.478    -8.53461     8.59405  -0.0468339 -0.00239061     -10.478    -8.53471     8.59414  -0.00103803 -1.68156e-44 -1.68156e-44 -0.000617743  0.000615301 -4.91683
1684.59 2  -0.0514065 -0.00239061    -10.4762    -8.53472     8.59415   -0.050464 -0.00239061    -10.4762    -8.53472     8.59415   0.00112709 -1.68156e-44  1.68156e-44 -5.20036e-13  5.20036e-13 6.35672
1733.73 2  -0.0463203 -0.00239061    -10.4762    -8.53472     8.59415  -0.0468287 -0.00239061     -10.478    -8.53472     8.59415   -0.0011361 -1.68156e-44 -9.65329e-11 -0.000103454  0.000103454 -5.57478
1783.28 2  -0.0544697 -0.00239061    -10.4762    -8.53387      8.5933  -0.0538949 -0.00239061    -10.4762    -8.53387      8.5933   0.00133634 -1.68156e-44  1.68156e-44  0.000140382 -0.000198322 4.58385
1849.77 2 -0.0508863 -0.0024054    -10.478   -8.53217     8.5899 -0.0522336 -0.0024054    -10.478   -8.53132    8.59075  -0.00109274 -1.68156e-44  1.68156e-44  1.05516e-10  1.05516e-10 -6.33472
1910.77 2 -0.0566661 -0.0024054    -10.478   -8.53217     8.5899 -0.0557814 -0.0024054    -10.478   -8.53132    8.59075   0.00121271 -1.68156e-44  1.68156e-44   1.0069e-10   1.0069e-10 5.83176
1957.86 2 -0.0486033 -0.0024054   -10.4799   -8.53217     8.5899 -0.0492945 -0.0024054    -10.478   -8.53132    8.59075  -0.00100018 -1.68156e-44  7.64902e-38   6.2814e-05   6.2814e-05 -4.78284
2022.77 2 -0.0514932 -0.0024054   -10.4799   -8.53132    8.59075 -0.0506326 -0.0024054    -10.478   -8.53132    8.59075    0.0010696 -1.68156e-44  1.68156e-44   0.00023759   0.00023759 6.57171
2073.75 2 -0.0462914 -0.0024054   -10.4799   -8.53132    8.59075 -0.0468045 -0.0024054   -10.4799   -8.53132    8.59075  -0.00108059 -1.68156e-44 -1.68156e-44   0.00183687   0.00183687 -5.86276
2135.9 2 -0.0552211 -0.0024054    -10.478   -8.53132    8.59075 -0.0538692 -0.0024054    -10.478   -8.53217     8.5899   0.00104678 -1.68156e-44 -1.68156e-44  -2.6805e-09  -2.6805e-09 5.10381
2201.16 2 -0.0513198 -0.0024054   -10.4799   -8.53217     8.5899 -0.0521219 -0.0024054    -10.478   -8.53217     8.5899  -0.00109328 -1.68156e-44  3.64019e-31 -1.06069e-08 -1.06069e-08 -7.50964
2259.97 2  -0.065249 -0.0024054    -10.478   -8.53132    8.59075 -0.0638103 -0.0024054    -10.478   -8.53132    8.59075   0.00104023 -1.68156e-44  1.68156e-44  8.68737e-08  8.68737e-08 4.58385
2318.14 2 -0.0604807 -0.0024054    -10.478   -8.53132    8.59075 -0.0612835 -0.0024054    -10.478   -8.53132    8.59075  -0.00104101 -1.68156e-44  1.68156e-44  1.74486e-07 -3.71415e-08 -6.43072
2378.79 2 -0.0730227 -0.0203127   -2.28573    1.98255  -0.369339 -0.0724565 -0.0203127   -2.28573    1.98255   -0.36934   0.00119562  1.68156e-44 -1.68156e-44 -2.24208e-44  2.24208e-44 4.58185
2453.8 2 -0.0708553 -0.0203127   -2.28573    1.98255   -0.36934 -0.0717403 -0.0203127   -2.28573    1.98255   -0.36934  -0.00108403  1.68156e-44 -1.68156e-44 -2.24208e-44  2.24208e-44 -9.04202
2508.02 2 -0.0747567 -0.0203127   -2.28573    1.98255   -0.36934  -0.074016 -0.0203127   -2.28573    1.98255   -0.36934    0.0011327  1.68156e-44 -1.68156e-44 -1.14762e-11  1.14762e-11 5.08481
2579.33 2 -0.0686301 -0.0203127   -2.28573    1.98255   -0.36934 -0.0693487 -0.0203127   -2.28573    1.98255   -0.36934   -0.0010206  1.68156e-44 -1.68156e-44 -5.95112e-38  5.95112e-38 -8.79192
2634.16 2 -0.0726471 -0.0203127    -2.2839    1.98255   -0.36934  -0.071791 -0.0203127   -2.28573    1.98255   -0.36934   0.00110419  1.68156e-44 -1.68156e-44 -2.13084e-10  2.13084e-10 4.83783
2702.53 2 -0.0686012 -0.0203127   -2.28573    1.98255   -0.36934 -0.0693125 -0.0203127   -2.28573    1.98255   -0.36934  -0.00108937  1.68156e-44 -1.68156e-44 -2.24208e-44  2.24208e-44 -8.33574
2761.71 2 -0.0710287 -0.0203127   -2.28573     1.9834  -0.370188 -0.0701727 -0.0203127   -2.28573    1.98255   -0.36934    0.0011216  1.68156e-44 -1.68156e-44 -6.97443e-07  6.97443e-07 5.58078
2815.63 2 -0.0622146 -0.0203127   -2.28573    1.98255   -0.36934 -0.0630752 -0.0203127   -2.28573    1.98255   -0.36934  -0.00102801  1.68156e-44 -1.68156e-44 -0.000280724  0.000280724 -5.60478
2880.67 2  -0.065249 -0.0203127   -2.28573    1.98255   -0.36934 -0.0643643 -0.0203127   -2.28573    1.98255   -0.36934   0.00117429  1.68156e-44 -1.68156e-44 -0.000672046  0.000672046 6.57371
2929.6 2 -0.0470138 -0.0203127   -2.28573    1.98255   -0.36934 -0.0477251 -0.0203127   -2.28573    1.98255   -0.36934  -0.00113949  1.68156e-44  1.68156e-44 -3.41735e-10  3.41735e-10 -5.09081
2985.96 2  -0.052967 -0.0203127   -2.28573     1.9834  -0.370189 -0.0522846 -0.0203127   -2.28573     1.9834  -0.370189  0.00114015 1.68156e-44 1.68156e-44  2.4537e-14 -2.4537e-14 5.58078
3034.04 2 -0.0491813 -0.0203127   -2.28573     1.9834  -0.370189 -0.0499506 -0.0203127   -2.28573    1.98255   -0.36934  -0.00115289  1.68156e-44  1.68156e-44 -4.76203e-05  4.76203e-05 -4.84083
3094.07 2 -0.0518977 -0.0203127   -2.28573     1.9834  -0.370189 -0.0510417 -0.0203127   -2.28573     1.9834  -0.370189   0.00111907  1.68156e-44 -1.68156e-44  1.09037e-08 -1.09037e-08 5.82876
3141.12 2 -0.0484877 -0.0203127   -2.28573    1.98255   -0.36934 -0.0492615 -0.0203127   -2.28573    1.98255   -0.36934  -0.00105303  1.68156e-44  1.68156e-44 -0.000320142  0.000320142 -4.58285
3202.31 2 -0.0505973 -0.0203127   -2.28573     1.9834  -0.370189 -0.0497123 -0.0203127   -2.28573    1.98255   -0.36934   0.00110058  1.68156e-44  1.68156e-44 -1.77815e-05  1.77815e-05 5.83276
3255.35 2 -0.0470716 -0.0203127   -2.28573     1.9834  -0.370189 -0.0476379 -0.0203127   -2.28573     1.9834  -0.370189  -0.00110974  1.68156e-44  1.68156e-44  3.89688e-08 -3.89688e-08 -6.07474
3311.39 2 -0.0585734 -0.0203127   -2.28573     1.9834  -0.370189 -0.0576882 -0.0203127   -2.28573     1.9834  -0.370189   0.00114149  1.68156e-44 -1.68156e-44  1.23086e-07 -1.23086e-07 5.09281
3361.12 2 -0.0536606 -0.0203127   -2.28573     1.9834  -0.370189 -0.0544081 -0.0203127   -2.28573     1.9834  -0.370189  -0.00101056  1.68156e-44 -1.68156e-44  2.96185e-15 -2.96185e-15 -5.11381
3424.58 2 -0.0554523 -0.0203127   -2.28573     1.9834  -0.370189 -0.0543582 -0.0203127   -2.28573     1.9834  -0.370189   0.00110654  1.68156e-44 -1.68156e-44   8.5067e-07  -8.5067e-07 5.65277
3476.04 2 -0.0513198 -0.0203127   -2.28573     1.9834  -0.370189 -0.0521097 -0.0203127   -2.28456    1.98285  -0.369645 -0.00283468 1.68156e-44   0.0182991   -0.006398    0.006398 -5.40879
3532.85 2    -0.0584 -0.0203127   -2.28573     1.9834  -0.370189 -0.0577418 -0.0203127   -2.28573     1.9834  -0.370189   0.00106033  1.68156e-44 -1.68156e-44  2.24208e-44 -2.24208e-44 5.65077
3579.26 2 -0.0503661 -0.0203127   -2.28573     1.9834  -0.370189 -0.0511063 -0.0203127   -2.28573     1.9834  -0.370189 -0.00111436 1.68156e-44 1.68156e-44  3.3165e-38 -3.3165e-38 -4.60585
3633.8 2 -0.0531115 -0.0203127   -2.28573     1.9834  -0.370189 -0.0523378 -0.0203127   -2.28573     1.9834  -0.370189   0.00107037  1.68156e-44  1.68156e-44  5.63303e-14 -5.63303e-14 5.93975
3681.57 2 -0.0486033 -0.0203127   -2.28573     1.9834  -0.370189 -0.0492273 -0.0203127   -2.28573     1.9834  -0.370189   -0.0011944  1.68156e-44  1.68156e-44  8.72862e-07 -8.72862e-07 -5.09681
3739.17 2  -0.053834 -0.0203127   -2.28573     1.9834  -0.370189  -0.052913 -0.0203127   -2.28573     1.9834  -0.370189   0.00102954  1.68156e-44  1.68156e-44  7.42201e-27 -7.42201e-27 5.3268
3789.02 2 -0.0526202 -0.0203127   -2.28573     1.9834  -0.370189 -0.0532894 -0.0203127   -2.28573     1.9834  -0.370189  -0.00129876  1.68156e-44  1.68156e-44  4.03464e-07 -4.03464e-07 -5.2898
3857.91 2 -0.0544697 -0.0203127   -2.28573     1.9834  -0.370189 -0.0533639 -0.0203127   -2.28573     1.9834  -0.370189   0.00120196  1.68156e-44  1.68156e-44  2.24208e-44 -2.24208e-44 6.57071
3919.4 2 -0.0464359 -0.0203127   -2.28573     1.9834  -0.370189 -0.0475564 -0.0203127   -2.28573     1.9834  -0.370189  -0.00109233  1.68156e-44  1.68156e-44  5.19574e-15 -5.19574e-15 -6.10574
3969.91 2 -0.0594403 -0.0203127   -2.28573     1.9834  -0.370189 -0.0586955 -0.0203127   -2.28573     1.9834  -0.370189   0.00103382  1.68156e-44 -1.68156e-44  2.24208e-44 -2.24208e-44 4.36387
4034.08 2 -0.0580821 -0.0203127   -2.28573     1.9834  -0.370189 -0.0588122 -0.0203127   -2.28573     1.9834  -0.370189  -0.00119295  1.68156e-44  1.68156e-44  2.24208e-44 -2.24208e-44 -7.57763
4089.18 2 -0.0679944 -0.0203127   -2.28573     1.9834  -0.370189 -0.0669604 -0.0203127   -2.28573     1.9834  -0.370189   0.00107807  1.68156e-44 -1.68156e-44  2.24208e-44  2.24208e-44 4.58385
4151.96 2 -0.0647577 -0.0203127   -2.28573     1.9834  -0.370189 -0.0655893 -0.0203127   -2.28573     1.9834  -0.370189  -0.00105679  1.68156e-44 -1.68156e-44  2.24208e-44 -2.24208e-44 -7.10767
4209.1 2 -0.0678788 -0.0203127   -2.28573    1.98255  -0.371037 -0.0671628 -0.0203127   -2.28573     1.9834  -0.370189   0.00104287  1.68156e-44 -1.68156e-44  2.24208e-44  2.24208e-44 5.58078
4263.63 2 -0.0537762 -0.0203127   -2.28573     1.9834  -0.370189 -0.0548994 -0.0203127   -2.28573     1.9834  -0.370189   -0.0010258  1.68156e-44  1.68156e-44  2.24208e-44 -2.24208e-44 -5.07881
4319.51 2 -0.0565215 -0.0203127   -2.28573     1.9834  -0.370189 -0.0557766 -0.0203127   -2.28573     1.9834  -0.370189   0.00105203  1.68156e-44  1.68156e-44  2.24208e-44 -2.24208e-44 5.3268
4375.11 2 -0.0533138 -0.0203127   -2.28573     1.9834  -0.370189 -0.0542562 -0.0203127   -2.28573     1.9834  -0.370189  -0.00109863  1.68156e-44  1.68156e-44  2.24208e-44 -2.24208e-44 -5.57378
4431.46 2 -0.0582266 -0.0203127   -2.28573     1.9834  -0.370189 -0.0575395 -0.0203127   -2.28573     1.9834  -0.370189   0.00108764  1.68156e-44  1.68156e-44 -2.24208e-44  2.24208e-44 5.58478
4481.51 2 -0.0517243 -0.0203127   -2.28573     1.9834  -0.370189 -0.0525586 -0.0203127   -2.28573     1.9834  -0.370189  -0.00102324  1.68156e-44  1.68156e-44  2.24208e-44 -2.24208e-44 -4.91283
4536.04 2 -0.0547298 -0.0203127   -2.28573     1.9834  -0.370189 -0.0541342 -0.0203127   -2.28573     1.9834  -0.370189   0.00109333  1.68156e-44  1.68156e-44  2.29813e-43 -2.29813e-43 5.35679
4590.37 2 -0.0516088 -0.0203127   -2.28573     1.9834  -0.370189 -0.0523778 -0.0203127   -2.28573     1.9834  -0.370189 -0.00111944 1.68156e-44 1.68156e-44 2.24208e-44 2.24208e-44 -5.87276
4644.97 2 -0.0668384 -0.0349077    12.7069   -10.6905     16.875  -0.066033 -0.0349077    12.7069   -10.6913    16.8741   0.00100846  1.68156e-44  1.68156e-44 -1.46991e-15  1.46597e-15 4.09189
4703.72 2 -0.0659136 -0.0349077    12.7069   -10.6913    16.8742 -0.0665718 -0.0349077    12.7069   -10.6905     16.875 -0.00104359 1.68156e-44 1.68156e-44 2.75446e-24 2.76217e-24 -6.81669
4768.09 2 -0.0676187 -0.0349077    12.7069   -10.6913    16.8741 -0.0663888 -0.0349077    12.7069   -10.6913    16.8741    0.0012282  1.68156e-44  1.68156e-44 -5.11066e-06  5.09816e-06 5.60478
4827.25 2  -0.055828 -0.0349077    12.7069   -10.6913    16.8741 -0.0568934 -0.0349077    12.7069   -10.6913    16.8741  -0.00100071  1.68156e-44  1.68156e-44 -9.14915e-05  9.12491e-05 -5.86476
4882.71 2 -0.0603362 -0.0349077    12.7069   -10.6913    16.8741 -0.0593934 -0.0349077    12.7069   -10.6913    16.8741   0.00110457  1.68156e-44  1.68156e-44 -6.76302e-08  6.74725e-08 4.83883
4947.07 2 -0.0577353 -0.0349077    12.7069   -10.6913    16.8741 -0.0587639 -0.0349077    12.7069   -10.6913    16.8741  -0.00120047  1.68156e-44  1.68156e-44 -2.83932e-11  2.83171e-11 -6.83669
5001.77 2 -0.0658559 -0.0349077    12.7088   -10.6913    16.8741  -0.065029 -0.0349077    12.7088   -10.6913    16.8741   0.00121271  1.68156e-44  1.68156e-44 -0.000282448    0.0002817 4.98282
5066.13 2 -0.0620123 -0.0349077    12.7069   -10.6913    16.8741 -0.0630752 -0.0349077    12.7069   -10.6913    16.8741  -0.00102974  1.68156e-44 -1.68156e-44  -0.00067151  0.000681475 -6.80769
5131.02 2 -0.0661448 -0.0349077    12.7088   -10.6913    16.8741  -0.065203 -0.0349077    12.7088   -10.6913    16.8741   0.00122718  1.68156e-44  1.68156e-44 -5.82387e-12  5.80845e-12 6.32372
5176.14 2 -0.0484588 -0.0349077    12.7069   -10.6913    16.8741 -0.0491406 -0.0349077    12.7069   -10.6913    16.8741  -0.00111006  1.68156e-44 -1.68156e-44 -1.41652e-18  1.41272e-18 -4.45186
5221.4 2 -0.0512042 -0.0349077    12.7069   -10.6913    16.8741 -0.0508684 -0.0349077    12.7085   -10.6899    16.8739   0.0015304 1.68156e-44   0.0234268   0.0181332 -0.00332206 4.50386
5272.75 2  -0.048401 -0.0348782    12.7106   -10.6913    16.8742 -0.0490529 -0.0348782    12.7106   -10.6913    16.8742  -0.00126522  1.68156e-44  1.68156e-44  0.000635148 -0.000636305 -5.57978
5333.23 2  -0.056406 -0.0348782    12.7106   -10.6913    16.8742 -0.0554876 -0.0348782    12.7106   -10.6913    16.8742    0.0010746  1.68156e-44  1.68156e-44  5.29839e-10 -5.30713e-10 5.58178
5380.88 2 -0.0505973 -0.0348782    12.7106   -10.6913    16.8742 -0.0513712 -0.0348782    12.7106   -10.6913    16.8742 -0.00103379 1.68156e-44 1.68156e-44 0.000106699 -0.00010675 -4.83183
5439.91 2 -0.0521867 -0.0348782    12.7106   -10.6913    16.8742 -0.0513315 -0.0348782    12.7106   -10.6913    16.8742   0.00116413  1.68156e-44  1.68156e-44  0.000611397 -0.000611602 5.58678
5492.56 2 -0.0497303 -0.0348782    12.7106   -10.6913    16.8742  -0.050615 -0.0348782    12.7106   -10.6913    16.8742  -0.00115003  1.68156e-44  1.68156e-44  0.000179255 -0.000179282 -5.2288
5565.42 2 -0.0540074 -0.0348782    12.7106   -10.6913    16.8742 -0.0524869 -0.0348782    12.7106   -10.6913    16.8742  0.00116471 1.68156e-44 1.68156e-44  0.00237063 -0.00237102 6.24273
5619.4 2 -0.0483143 -0.0348782    12.7106   -10.6914    16.8742 -0.0489462 -0.0348782    12.7106   -10.6922     16.875  -0.00102417  1.68156e-44  1.68156e-44 -0.000370875  0.000370489 -6.06774
5672.64 2 -0.0601339 -0.0348782    12.7106   -10.6922     16.875 -0.0593645 -0.0348782    12.7106   -10.6913    16.8742   0.00115794  1.68156e-44  1.68156e-44   1.9095e-06 -1.90977e-06 4.82883
5732.93 2  -0.055828 -0.0348782    12.7106   -10.6922     16.875 -0.0569197 -0.0348782    12.7106   -10.6922     16.875  -0.00105213  1.68156e-44  1.68156e-44 -2.03479e-09  2.03273e-09 -6.07474
5782.18 2 -0.0590935 -0.0348782    12.7106   -10.6917    16.8745 -0.0584932 -0.0348782    12.7106    -10.692    16.8748  0.00106749 1.68156e-44 1.68156e-44 -0.00574049  0.00575134 4.58985
5852.21 2 -0.0571284 -0.0348782    12.7106   -10.6914    16.8742 -0.0583069 -0.0348782    12.7106   -10.6922     16.875  -0.00106481  1.68156e-44  1.68156e-44 -0.000487871  0.000487648 -7.39865
5914.53 2 -0.0662604 -0.0348782    12.7106   -10.6922     16.875 -0.0652024 -0.0348782    12.7106   -10.6922     16.875   0.00114079  1.68156e-44 -1.68156e-44  -0.00185843   0.00185766 5.66277
5971.5 2 -0.0530248 -0.0348782    12.7106   -10.6922     16.875  -0.054517 -0.0348782    12.7106   -10.6922     16.875  -0.00108033  1.68156e-44 -1.68156e-44 -7.85208e-10  7.83128e-10 -5.09381
6029.21 2 -0.0573018 -0.0348782    12.7106   -10.6913    16.8742 -0.0565613 -0.0348782    12.7106   -10.6913    16.8742    0.0011287  1.68156e-44 -1.68156e-44  0.000959213  -0.00096073 5.57978
6079.06 2 -0.0528225 -0.0348782    12.7106   -10.6922     16.875 -0.0535626 -0.0348782    12.7106   -10.6922     16.875  -0.00113066  1.68156e-44 -1.68156e-44  -0.00229328   0.00229122 -5.11081
6138.01 2 -0.0574463 -0.0348782    12.7106   -10.6913    16.8742 -0.0566873 -0.0348782    12.7106   -10.6916    16.8745   0.00128227  1.68156e-44 -1.68156e-44   0.00638913  -0.00637768 5.82776
6185.54 2 -0.0512331 -0.0348782    12.7106   -10.6913    16.8742 -0.0519447 -0.0348782    12.7106   -10.6922     16.875  -0.00112584  1.68156e-44 -1.68156e-44 -2.03188e-10  2.03147e-10 -4.84783
6240.27 2 -0.0547009 -0.0348782    12.7106   -10.6913    16.8742 -0.0540472 -0.0348782    12.7106   -10.6913    16.8742   0.00112482  1.68156e-44 -1.68156e-44  0.000193564 -0.000193623 5.3298
6294.21 2 -0.0526491 -0.0348782    12.7106   -10.6922     16.875 -0.0533893 -0.0348782    12.7106   -10.6922     16.875  -0.00108596  1.68156e-44 -1.68156e-44  -0.00044379  0.000442684 -5.82076
6362.69 2 -0.0582555 -0.0348782    12.7106   -10.6913    16.8742 -0.0567347 -0.0348782    12.7106   -10.6922     16.875   0.00107736  1.68156e-44 -1.68156e-44  -0.00176075   0.00175943 5.58278
6420.88 2 -0.0523601 -0.0348782    12.7106   -10.6922     16.875 -0.0532731 -0.0348782    12.7106   -10.6922     16.875   -0.0011592  1.68156e-44 -1.68156e-44 -5.17336e-07  5.15952e-07 -6.07074
6474.79 2 -0.0602495 -0.0348782    12.7106   -10.6913    16.8742  -0.059481 -0.0348782    12.7106   -10.6913    16.8742   0.00114316  1.68156e-44 -1.68156e-44    0.0013331  -0.00133543 4.86783
6526.22 2 -0.0562904 -0.0348782    12.7106   -10.6922     16.875 -0.0569432 -0.0348782    12.7106   -10.6922     16.875  -0.00120539  1.68156e-44 -1.68156e-44 -2.75007e-07  2.74271e-07 -5.58978
6589.87 2 -0.0588335 -0.0348782    12.7106   -10.6914    16.8742 -0.0578144 -0.0348782    12.7106   -10.6921    16.8749   0.00123128  1.68156e-44 -1.68156e-44   -0.0013657    0.0013757 5.87376
6643.22 2 -0.0520133 -0.0348782    12.7106   -10.6913    16.8742  -0.052985 -0.0348782    12.7106   -10.6922     16.875  -0.00118018  1.68156e-44 -1.68156e-44 -0.000283107   0.00028236 -5.20481
6702.18 2 -0.0563771 -0.0348782    12.7106   -10.6922     16.875 -0.0555164 -0.0348782    12.7106   -10.6922     16.875   0.00102989  1.68156e-44 -1.68156e-44  -0.00152818   0.00152719 5.58778
6750.85 2 -0.0531115 -0.0348782    12.7106   -10.6922     16.875 -0.0539098 -0.0348782    12.7106   -10.6922     16.875  -0.00109834  1.68156e-44 -1.68156e-44 -8.00593e-06  7.98473e-06 -4.83283
6812.42 2 -0.0564927 -0.0348782    12.7106   -10.6922     16.875 -0.0558075 -0.0348782    12.7106   -10.6916    16.8745   0.00113969  1.68156e-44 -1.68156e-44   0.00613727  -0.00612649 6.30473
6866.28 2 -0.0481409 -0.0348929    12.7106   -10.6956    16.8767 -0.0488521 -0.0348929    12.7106   -10.6947    16.8775  -0.00110419 -1.68156e-44 -1.68156e-44 -2.26011e-05  2.24508e-05 -5.83776
6926.87 2 -0.0628793 -0.0107306   -17.2473   -6.32208   -5.60377 -0.0623367 -0.0107306   -17.2473   -6.32208   -5.60377   0.00104308 -1.68156e-44 -1.68156e-44  2.24208e-44  2.24208e-44 4.09189
6993.45 2 -0.0617811 -0.0107306   -17.2473   -6.32208   -5.60377 -0.0626064 -0.0107306   -17.2473   -6.32208   -5.60377  -0.00124376 -1.68156e-44 -1.68156e-44  2.24208e-44  2.24208e-44 -7.69163
7046.46 2 -0.0675898 -0.0107306   -17.2473   -6.32208   -5.60377 -0.0668449 -0.0107306   -17.2473   -6.32208   -5.60377   0.00110165 -1.68156e-44 -1.68156e-44  2.24208e-44  2.24208e-44 4.84683
7111.12 2 -0.0629949 -0.0107306   -17.2473   -6.32208   -5.60377 -0.0639662 -0.0107306   -17.2473   -6.32208   -5.60377   -0.0011647 -1.68156e-44  1.68156e-44  2.24208e-44  2.24208e-44 -7.09467
7168.69 2 -0.0675898 -0.0107306   -17.2473   -6.32207   -5.60377 -0.0668738 -0.0107306   -17.2473   -6.32207   -5.60377   0.00106745 -1.68156e-44  1.68156e-44 -2.24208e-44  2.24208e-44 5.63977
7207.99 2 -0.0554523 -0.0107306   -17.2473   -6.32208   -5.60377 -0.0560768 -0.0107306   -17.2473   -6.32208   -5.60377  -0.00115246 -1.68156e-44  1.68156e-44  2.24208e-44 -2.24208e-44 -3.66292
7265.06 2 -0.0565504 -0.0107306   -17.2491   -6.32208   -5.60377 -0.0558687 -0.0107306   -17.2491   -6.32208   -5.60377   0.00121757 -1.68156e-44 -1.68156e-44 -2.24208e-44  2.24208e-44 6.56571
7313.23 2 -0.0495569 -0.0107306   -17.2491   -6.32292   -5.60462 -0.0503266 -0.0107306   -17.2491   -6.32208   -5.60377  -0.00108819 -1.68156e-44 -1.68156e-44  -2.1417e-15   2.1417e-15 -4.85583
7365.76 2 -0.0538918 -0.0107306   -17.2491   -6.32208   -5.60377  -0.053238 -0.0107306   -17.2491   -6.32208   -5.60377    0.0011478 -1.68156e-44 -1.68156e-44  2.24208e-44  2.24208e-44 5.08681
7418.07 2 -0.0527358 -0.0107306   -17.2491   -6.32208   -5.60377 -0.0533588 -0.0107306   -17.2491   -6.32208   -5.60377  -0.00125903 -1.68156e-44 -0.000154683  2.24208e-44  2.24208e-44 -5.82476
7478.06 2 -0.0585734 -0.0107306   -17.2491   -6.32208   -5.60377 -0.0578049 -0.0107306   -17.2473   -6.32208   -5.60377   0.00115752 -1.68156e-44   0.00228846  2.24208e-44  2.24208e-44 5.89376
7540.44 2 -0.0508574 -0.0107306   -17.2491   -6.32208   -5.60377 -0.0525806 -0.0107306   -17.2491   -6.32208   -5.60377  -0.00114967 -1.68156e-44 -1.68156e-44  2.24208e-44  2.24208e-44 -5.02282
7601.2 2 -0.0549321 -0.0107306   -17.2491   -6.32292   -5.60462 -0.0540428 -0.0107306   -17.2491   -6.32208   -5.60377   0.00104704 -1.68156e-44 -1.68156e-44    5.191e-35    5.191e-35 5.71977
7652.13 2 -0.0508863 -0.0107306   -17.2491   -6.32208   -5.60377 -0.0517713 -0.0107306   -17.2491   -6.32208   -5.60377  -0.00114685 -1.68156e-44 -1.68156e-44  3.39072e-18  3.39072e-18 -4.99782
7714.32 2 -0.0552789 -0.0107306   -17.2491   -6.32208   -5.60377 -0.0542739 -0.0107306   -17.2473   -6.32208   -5.60377   0.00107192 -1.68156e-44  1.77573e-37  1.70351e-06  1.70351e-06 5.82076
7771.45 2 -0.0503661 -0.0107306   -17.2491   -6.32208   -5.60377 -0.0513448 -0.0107306   -17.2491   -6.32208   -5.60377  -0.00101566 -1.68156e-44 -1.68156e-44  8.88762e-14  8.88762e-14 -5.71577
7821.76 2 -0.0576197 -0.0107306   -17.2491   -6.32208   -5.60377 -0.0569368 -0.0107306   -17.2491   -6.32208   -5.60377   0.00112946 -1.68156e-44 -1.68156e-44  1.47276e-42  1.47276e-42 4.58585
7873.42 2 -0.0553367 -0.0107306   -17.2473   -6.32208   -5.60377 -0.0560235 -0.0107306   -17.2491   -6.32208   -5.60377   -0.0010997 -1.68156e-44 -1.68156e-44  2.24208e-44  2.24208e-44 -5.58078
7928.32 2    -0.0584 -0.0107306   -17.2491   -6.32207   -5.60377 -0.0578579 -0.0107306   -17.2491   -6.32207   -5.60377   0.00107663 -1.68156e-44 -1.68156e-44  -5.2122e-14   5.2122e-14 5.57778
7978.6 2 -0.0527647 -0.0107306   -17.2491   -6.32208   -5.60377 -0.0535673 -0.0107306   -17.2491   -6.32208   -5.60377  -0.00110455 -1.68156e-44 -1.68156e-44  2.95493e-08  2.95493e-08 -5.04782
8039.61 2 -0.0557702 -0.0107306   -17.2491   -6.32208   -5.60377 -0.0548852 -0.0107306   -17.2491   -6.32208   -5.60377   0.00108595 -1.68156e-44 -1.68156e-44  4.60052e-24  4.60052e-24 5.82976
8086.55 2 -0.0518399 -0.0107306   -17.2473   -6.32208   -5.60377 -0.0525008 -0.0107306   -17.2473   -6.32208   -5.60377  -0.00102784 -1.68156e-44   2.5192e-31  1.74373e-36  1.74373e-36 -4.84183
8147.99 2 -0.0563193 -0.0107306   -17.2491   -6.32208   -5.60377 -0.0552317 -0.0107306   -17.2491   -6.32247   -5.60417   0.00108404 -1.68156e-44 -1.68156e-44  -0.00424332  -0.00424332 5.58278
8198.44 2  -0.051811 -0.0107306   -17.2491   -6.32208   -5.60377 -0.0524112 -0.0107306   -17.2491   -6.32208   -5.60377   -0.0010791 -1.68156e-44 -1.68156e-44  2.24208e-44  2.24208e-44 -5.57978
8259.03 2 -0.0584578 -0.0107306   -17.2491   -6.32208   -5.60377 -0.0578338 -0.0107306   -17.2491   -6.32208   -5.60377   0.00112736 -1.68156e-44 -1.68156e-44  1.97601e-11  1.97601e-11 6.32272
8305.33 2 -0.0481987 -0.0107306   -17.2491   -6.32208   -5.60377 -0.0488227 -0.0107306   -17.2491   -6.32208   -5.60377  -0.00119342 -1.68156e-44 -1.68156e-44  2.24208e-44  2.24208e-44 -4.84883
8364.37 2 -0.0541519 -0.0107306   -17.2491   -6.32208   -5.60377 -0.0532967 -0.0107306   -17.2491   -6.32208   -5.60377    0.0012395 -1.68156e-44 -1.68156e-44  2.20729e-06  2.20729e-06 5.60178
8409.83 2 -0.0503661 -0.0107306   -17.2491   -6.32208   -5.60377 -0.0508795 -0.0107306   -17.2491   -6.32335   -5.60375  -0.00215764 -1.68156e-44 -1.68156e-44   -0.0173048   0.00112849 -5.00282
8467.99 2 -0.0566949 -0.0107454   -17.2491   -6.32207   -5.60377 -0.0558967 -0.0107454   -17.2491   -6.32207   -5.60377   0.00109581  1.68156e-44 -1.68156e-44 -2.24208e-44  2.24208e-44 5.58078
8521.92 2 -0.0515221 -0.0107454   -17.2491   -6.32207   -5.60377 -0.0522622 -0.0107454   -17.2491   -6.32207   -5.60377  -0.00112553  1.68156e-44 -1.68156e-44 -2.24208e-44 -2.24208e-44 -5.83276
8584.5 2 -0.0587179 -0.0107454   -17.2491   -6.32207   -5.60377 -0.0578916 -0.0107454   -17.2491   -6.32207   -5.60377   0.00109578  1.68156e-44 -1.68156e-44 -2.24208e-44 -2.24208e-44 6.22573
8646.3 2 -0.0494124 -0.0107454   -17.2491   -6.32207   -5.60377 -0.0508824 -0.0107454   -17.2491   -6.32207   -5.60377  -0.00101108  1.68156e-44 -1.68156e-44  2.24208e-44 -2.24208e-44 -5.37579
8705.99 2 -0.0566949 -0.0107454   -17.2491   -6.32207   -5.60377 -0.0559264 -0.0107454   -17.2491   -6.32207   -5.60377   0.00116522  1.68156e-44 -1.68156e-44 -2.24208e-44  2.24208e-44 5.85676
8763.75 2 -0.0510886 -0.0107454   -17.2491   -6.32208   -5.60377 -0.0520673 -0.0107454   -17.2491   -6.32208   -5.60377   -0.0010047  1.68156e-44 -1.68156e-44  2.24208e-44  2.24208e-44 -5.83976
8826.06 2 -0.0585734 -0.0107454   -17.2491   -6.32207   -5.60377 -0.0578338 -0.0107454   -17.2491   -6.32207   -5.60377   0.00119064  1.68156e-44 -1.68156e-44 -2.24208e-44 -2.24208e-44 6.34672
8875.74 2 -0.0478808 -0.0107454   -17.2491   -6.32207   -5.60377  -0.048621 -0.0107454   -17.2491   -6.32207   -5.60377  -0.00117362  1.68156e-44 -1.68156e-44 -2.24208e-44 -2.24208e-44 -5.09381
8926.83 2 -0.0551922 -0.0107454   -17.2491   -6.32208   -5.60377 -0.0545382 -0.0107454   -17.2491   -6.32208   -5.60377   0.00110696  1.68156e-44 -1.68156e-44  2.24208e-44  2.24208e-44 4.83783
8973.08 2 -0.0530826 -0.0107454   -17.2491   -6.32207   -5.60377  -0.053712 -0.0107454   -17.2491   -6.32207   -5.60377  -0.00106845  1.68156e-44 -1.68156e-44  2.24208e-44 -2.24208e-44 -4.86083
9031.95 2 -0.0553656 -0.0107454   -17.2491   -6.32208   -5.60377 -0.0546499 -0.0107454   -17.2491   -6.32208   -5.60377   0.00108291  1.68156e-44 -1.68156e-44 -2.24208e-44  2.24208e-44 5.84176
9077.66 2 -0.0502794 -0.0107454   -17.2491   -6.32208   -5.60377 -0.0508509 -0.0107454   -17.2491   -6.32208   -5.60377    -0.001073  1.68156e-44 -1.68156e-44  2.24208e-44  2.24208e-44 -4.83683
9136.74 2 -0.0576775  0.0735862   -15.1465   -1.90358   -12.6492 -0.0571352  0.0735862   -15.1465   -1.90358   -12.6492   0.00110827 -1.68156e-44 -1.68156e-44  -0.00074228 -0.000740247 5.43279
9190.81 2 -0.053834 0.0735862  -15.1484  -1.90358  -12.6492 -0.0546653  0.0735862   -15.1484   -1.90443   -12.6484  -0.00109277 -1.68156e-44 -1.68156e-44 -0.000306936 -0.000237573 -5.60978
9251.88 2 -0.0569261  0.0735862   -15.1484   -1.90443   -12.6484 -0.0559548  0.0735862   -15.1484   -1.90437   -12.6485    0.0011961 -1.68156e-44 -1.68156e-44  -0.00926236   0.00792699 5.59178
9302.53 2 -0.0528803  0.0735862   -15.1484   -1.90439   -12.6484 -0.053619 0.0735862  -15.1484  -1.90358  -12.6475  -0.00126545 -1.68156e-44 -1.68156e-44   0.00666738   0.00667307 -5.2618
9368.89 2 -0.0557702  0.0735862   -15.1484   -1.90274   -12.6484 -0.0548204  0.0735862   -15.1484   -1.90443   -12.6484    0.0010034 -1.68156e-44 -1.68156e-44  -0.00023701 -1.81584e-07 6.44372
9413.68 2 -0.0496436  0.0735862   -15.1484   -1.90443   -12.6484 -0.0502729  0.0735862   -15.1484   -1.90344   -12.6491   -0.0010484 -1.68156e-44 -1.68156e-44   0.00559014  -0.00369693 -4.58485
9481.45 2 -0.0531404  0.0735862   -15.1484   -1.90358   -12.6492 -0.0523999  0.0735862   -15.1484   -1.90443   -12.6484   0.00109235 -1.68156e-44 -1.68156e-44 -5.60851e-05  1.06714e-05 7.30865
9523.56 2 -0.0462047  0.0735862   -15.1484   -1.90358   -12.6492 -0.0468585  0.0735862   -15.1484   -1.90442   -12.6484  -0.00112911 -1.68156e-44  1.68156e-44  -0.00185397  0.000193844 -4.13988
9587.49 2 -0.0482565  0.0735862   -15.1484   -1.90443   -12.6484 -0.0474008  0.0735862   -15.1484   -1.90358   -12.6492   0.00119552 -1.68156e-44  1.68156e-44  0.000781021 -0.000779649 7.31365
9640.94 2 -0.0459735  0.0735862   -15.1484   -1.90443   -12.6484 -0.0466605  0.0735862   -15.1484   -1.90443   -12.6484  -0.00104132 -1.68156e-44  1.68156e-44 -2.13495e-05 -2.13455e-05 -5.82976
9689.24 2 -0.0583711  0.0735862   -15.1484   -1.90304   -12.6481 -0.0578285  0.0735862   -15.1484   -1.90425   -12.6482   0.00109878 -1.68156e-44 -1.68156e-44  -0.00503084  -0.00250384 4.59085
9744.41 2 -0.0553367  0.0735862   -15.1484   -1.90358   -12.6492 -0.0561536  0.0735862   -15.1484   -1.90358   -12.6475  -0.00120025 -1.68156e-44 -1.68156e-44 -2.97965e-05  0.000379063 -5.84676
9797.05 2 -0.0582844  0.0735862   -15.1484   -1.90358   -12.6492 -0.0577471  0.0735862   -15.1484   -1.90358   -12.6492   0.00112826 -1.68156e-44 -1.68156e-44  1.22507e-05 -1.37337e-05 5.2388
9851.61 2 -0.053256 0.0735862  -15.1484  -1.90358  -12.6492 -0.0543767  0.0735862   -15.1484   -1.90359   -12.6476  -0.00105803 -1.68156e-44 -1.68156e-44   0.00657727   0.00729497 -5.11181
9901.22 2 -0.0564349  0.0735862   -15.1484   -1.90386    -12.648 -0.0558607  0.0735862   -15.1484   -1.90358   -12.6492   0.00101172 -1.68156e-44 -1.68156e-44  -0.00635919  -0.00636409 4.59485
9958.11 2 -0.0551922  0.0735862   -15.1484   -1.90274   -12.6484 -0.0559223  0.0735862   -15.1484   -1.90358   -12.6475  -0.00120365 -1.68156e-44 -1.68156e-44  0.000194235  0.000646375 -6.31972
10024.8 2 -0.058949 0.0735862  -15.1484  -1.90358  -12.6492 -0.0578434  0.0735862   -15.1484   -1.90443   -12.6484   0.00121683 -1.68156e-44 -1.68156e-44  -0.00277567  -0.00241598 6.12574
10072.2 2 -0.0499615  0.0735714   -15.1502   -1.90528   -12.6458 -0.0507598  0.0735714   -15.1502   -1.90528   -12.6458  -0.00112149 -1.68156e-44 -1.68156e-44   -1.039e-05  1.10805e-05 -4.72784
10144.6 2 -0.0534583  0.0735714   -15.1502   -1.90528   -12.6458 -0.0525164  0.0735714   -15.1502   -1.90583   -12.6464   0.00120453 -1.68156e-44 -1.68156e-44  -0.00640008  -0.00640025 7.57063
10187.7 2 -0.0453955  0.0735714   -15.1502   -1.90528   -12.6458 -0.0460206  0.0735714   -15.1502   -1.90528   -12.6458  -0.00107419 -1.68156e-44  1.68156e-44  1.86138e-05  1.84914e-05 -4.37387
10254.2 2 -0.0500771  0.0735714   -15.1502   -1.90528   -12.6458 -0.0491922  0.0735714   -15.1502   -1.90528   -12.6458   0.00113245 -1.68156e-44  1.68156e-44   0.00150111   0.00149736 6.82069
10301.3 2  -0.04554 0.0735714  -15.1502  -1.90539   -12.646 -0.0461068  0.0735714   -15.1502   -1.90528   -12.6458  -0.00108154 -1.68156e-44  1.68156e-44  1.24826e-05  1.24369e-05 -5.07481
10373.4 2 -0.0538629  0.0735714   -15.1502   -1.90528   -12.6458 -0.0525155  0.0735714   -15.1502   -1.90529   -12.6459   0.00113888 -1.68156e-44  1.68156e-44   0.00138441   0.00138752 6.56471
10418.1 2 -0.0471005  0.0735714   -15.1502   -1.90613   -12.6467 -0.0476095  0.0735714   -15.1502   -1.90613   -12.6467  -0.00108409 -1.68156e-44  1.68156e-44 -0.000515569 -0.000515527 -4.84183
10480.8 2 -0.0519266  0.0735714   -15.1502   -1.90528   -12.6458 -0.0508901  0.0735714   -15.1502   -1.90528   -12.6458     0.001004 -1.68156e-44  1.68156e-44   0.00144411   0.00146261 5.83176
10536 2 -0.0495858  0.0735714   -15.1502   -1.90528   -12.6458 -0.0504464  0.0735714   -15.1502   -1.90528   -12.6458  -0.00105972 -1.68156e-44  1.68156e-44  2.22696e-05   2.2294e-05 -5.82276
10593.3 2 -0.0567527  0.0735714   -15.1502   -1.90528   -12.6458 -0.0559274  0.0735714   -15.1502   -1.90528   -12.6458   0.00121526 -1.68156e-44  1.68156e-44   0.00307455   0.00309097 5.3298
10646.5 2 -0.051811 0.0735714  -15.1502  -1.90613  -12.6467 -0.0525008  0.0735714   -15.1502   -1.90528   -12.6458  -0.00100636 -1.68156e-44  1.68156e-44  2.08197e-05  2.07492e-05 -5.84676
10709.8 2 -0.0572151  0.0735714   -15.1502   -1.90613   -12.6467 -0.0560052  0.0735714   -15.1502   -1.90528   -12.6458   0.00100441 -1.68156e-44 -1.68156e-44  9.10364e-07  9.09669e-07 5.3368
10755.6 2 -0.0527647  0.0735714   -15.1502   -1.90528   -12.6458 -0.0535095  0.0735714   -15.1502   -1.90613   -12.6467  -0.00103195 -1.68156e-44  1.68156e-44 -0.000937692 -0.000937669 -4.42286
10818.5 2 -0.0540652  0.0735714   -15.1502   -1.90612   -12.6467 -0.0533555  0.0735714   -15.1502   -1.90613   -12.6467   0.00126798 -1.68156e-44  1.68156e-44   -0.0018147  -0.00181436 6.58271
10865 2 -0.0483143  0.0735714   -15.1502   -1.90613   -12.6467 -0.0489388  0.0735714   -15.1502   -1.90559   -12.6462  -0.00117688 -1.68156e-44  1.68156e-44   0.00142575   0.00142275 -4.85683
10929.5 2 -0.0542674  0.0735714   -15.1502   -1.90611   -12.6467 -0.0534701  0.0735714   -15.1502   -1.90613   -12.6467   0.00117388 -1.68156e-44  1.68156e-44  -0.00114333  -0.00114294 6.57271
10979.3 2 -0.0470716  0.0735714   -15.1502   -1.90557   -12.6461  -0.04758 0.0735714  -15.1502  -1.90528  -12.6458  -0.00112999 -1.68156e-44  1.68156e-44  0.000200273  0.000199841 -5.68677
11034.6 2 -0.0571284  0.0735714   -15.1502   -1.90613   -12.6467 -0.0559499  0.0735714   -15.1502   -1.90613   -12.6467   0.00108558 -1.68156e-44 -1.68156e-44 -0.000193688 -0.000193593 4.71784
11091.3 2 -0.0539207  0.0735714   -15.1502   -1.90539    -12.646 -0.0547233  0.0735714   -15.1502   -1.90528   -12.6458  -0.00103983 -1.68156e-44  1.68156e-44   0.00256289   0.00255968 -6.12074
11149.5 2 -0.057533 0.0735714  -15.1502  -1.90528  -12.6458 -0.056648 0.0735714  -15.1502  -1.90528  -12.6458   0.00108758 -1.68156e-44  1.68156e-44 -0.000111355  0.000122481 5.3018
11191.5 2 -0.0530248  0.0735714   -15.1502   -1.90613   -12.6467 -0.0536251  0.0735714   -15.1502   -1.90605   -12.6466  -0.00107935 -1.68156e-44  1.68156e-44 -0.000500294 -0.000506424 -4.14488
11253.7 2 -0.054123 0.0735714  -15.1502  -1.90613  -12.6467 -0.053471 0.0735714  -15.1502  -1.90613  -12.6467     0.001229 -1.68156e-44  1.68156e-44 -0.000648957  -0.00064847 6.57471
11301.3 2 -0.0492969  0.0735714   -15.1502   -1.90528   -12.6458 -0.0500087  0.0735714   -15.1502   -1.90613   -12.6467  -0.00107602 -1.68156e-44  1.68156e-44 -7.04007e-05 -7.03722e-05 -4.84583
11367.4 2 -0.0543252 -0.0754395    -8.2546   -13.2558   -3.33642 -0.0536066 -0.0754395    -8.2546   -13.2563   -3.33594   0.00102687  1.68156e-44 -1.68156e-44  0.000223363 -0.000222627 6.19773
11423.8 2 -0.0510886 -0.0754395    -8.2546   -13.2572   -3.33509 -0.0521758 -0.0754395    -8.2546   -13.2572   -3.33509  -0.00117295  1.68156e-44  1.68156e-44  1.67286e-05 -1.67548e-05 -5.36579
11490.3 2 -0.0547298 -0.0754395    -8.2546    -13.258   -3.33425 -0.0536384 -0.0754395    -8.2546    -13.258   -3.33425  0.00114682 1.68156e-44 1.68156e-44 7.66557e-07 7.66558e-07 6.20273
11537.1 2 -0.0505106 -0.0754395    -8.2546    -13.258   -3.33425 -0.0513089 -0.0754395    -8.2546    -13.258   -3.33425  -0.00103111  1.68156e-44  1.68156e-44  6.09459e-07 -6.09503e-07 -4.60885
11598.4 2 -0.0522156 -0.0754395    -8.2546   -13.2589    -3.3334 -0.0514752 -0.0754395    -8.2546   -13.2589    -3.3334  0.00110366 1.68156e-44 1.68156e-44 2.99851e-11 2.16678e-09 6.21473
11617.8 2 -0.0494991 -0.0754395    -8.2546   -13.2597   -3.33255 -0.0496833  -0.075425   -8.25406   -13.2636    -3.3328 -0.00229344 0.000185472   0.0160433  -0.0472777 -0.00150157 -1.49501
11693.4 2 -0.0500482 -0.0754247    -8.2546   -13.2631   -3.32745 -0.0488457 -0.0754247    -8.2546   -13.2631   -3.32745  0.00108076 1.68156e-44 1.68156e-44 3.61618e-11 3.61618e-11 8.30573
11739.8 2 -0.0420722 -0.0754247   -8.25643    -13.264    -3.3266 -0.0426434 -0.0754247   -8.25643    -13.264    -3.3266  -0.00109693  1.68156e-44 -1.27363e-16  8.61573e-25  8.61573e-25 -4.89583
11807.9 2 -0.0455978 -0.0754247    -8.2546    -13.264    -3.3266 -0.0447924 -0.0754247    -8.2546   -13.2643   -3.32694  0.00100166 1.68156e-44 1.68156e-44  -0.0036269  -0.0036269 7.32265
11852 2 -0.0410607 -0.0754247   -8.25643   -13.2648   -3.32745 -0.0415414 -0.0754247   -8.25643   -13.2648   -3.32745 -0.00111501 1.68156e-44 -1.8147e-09 -0.00353989 -0.00353989 -4.83383
11927 2 -0.0456267 -0.0754247    -8.2546    -13.264    -3.3266 -0.0449399 -0.0754247    -8.2546    -13.264    -3.3266  0.00104566 1.68156e-44 6.11748e-40 2.62238e-17 2.62238e-17 8.62486
11974.8 2  0.0159277 -0.0754247   -8.25826    -13.264    -3.3266   0.015096 -0.0754247   -8.25826    -13.264    -3.3266 -0.00108708 1.68156e-44 -3.4497e-05 2.62166e-10 2.62166e-10 -4.58185
12036.2 2 0.00746032 -0.0754247   -8.25643    -13.264    -3.3266 0.00826306 -0.0754247   -8.25643   -13.2647   -3.32734  0.00109336 1.68156e-44 1.68156e-44 -0.00831322 -0.00831322 7.06667
12080.5 2 0.00965662 -0.0754247   -8.25643    -13.264    -3.3266 0.00885816 -0.0754247   -8.25643    -13.264    -3.3266  -0.00115283  1.68156e-44 -1.68156e-44   5.1673e-17   5.1673e-17 -4.13388
12153.1 2 0.00714243 -0.0754247   -8.25643    -13.264    -3.3266 0.00811826 -0.0754247   -8.25643    -13.264    -3.3266   0.00109675  1.68156e-44 -1.68156e-44   3.7932e-05   3.7932e-05 8.42377
12197.8 2  0.0130667 -0.0754247   -8.25643   -13.2657    -3.3266  0.0123507 -0.0754247   -8.25643   -13.2648   -3.32575 -0.00110388 1.68156e-44 1.68156e-44 0.000129941 0.000129805 -4.36387
12262.3 2 0.00821169 -0.0754247   -8.25643   -13.2648   -3.32575 0.00909576 -0.0754247   -8.25643   -13.2648   -3.32575   0.0012334 1.68156e-44 1.68156e-44  0.00138669  0.00138704 7.30665
12311 2  0.0108126 -0.0754247   -8.25643   -13.2648   -3.32575  0.0101302 -0.0754247   -8.25643   -13.2648   -3.32575 -0.00120682 1.68156e-44 1.68156e-44 3.01518e-16 3.02345e-16 -5.12281
12374.9 2 0.00436815 -0.0754247   -8.25643    -13.264   -3.32662  0.0051131 -0.0754247    -8.2546   -13.2648   -3.32575   0.0010351 1.68156e-44  0.00039583  1.4343e-12 1.43922e-12 6.56771
12430 2 0.00575529 -0.0754247   -8.25643   -13.2648   -3.32575 0.00504464 -0.0754247   -8.25643   -13.2648   -3.32575  -0.00120535  1.68156e-44 -1.68156e-44  2.24208e-44  2.24208e-44 -6.06974
12486.8 2 -0.00710466  -0.0754247    -8.25643    -13.2648    -3.32575 -0.00642233  -0.0754247     -8.2546    -13.2648    -3.32575  0.00117085 1.68156e-44 0.000160953 0.000168313 0.000168701 5.58178
12536.3 2 -0.00305884  -0.0754247     -8.2546    -13.2648    -3.32575 -0.00379896  -0.0754247     -8.2546    -13.2648    -3.32575 -0.00118368 1.68156e-44 1.68156e-44 8.34585e-10 8.36876e-10 -5.10081
12593.1 2 -0.00589091  -0.0754247     -8.2546    -13.2648    -3.32575 -0.00520119  -0.0754247     -8.2546    -13.2648    -3.32575  0.00101942 1.68156e-44 1.39009e-42 7.99306e-11 8.00323e-11 5.58878
12648 2 -0.00300103  -0.0754247     -8.2546    -13.2648    -3.32575 -0.00368788  -0.0754247     -8.2546    -13.2648    -3.32575 -0.00107793 1.68156e-44 1.68156e-44  1.4843e-30 1.48713e-30 -6.08074
12712.1 2 -0.00909867  -0.0754247     -8.2546    -13.2648    -3.32575 -0.00783105  -0.0754247     -8.2546    -13.2657     -3.3266   0.00109959  1.68156e-44  1.68156e-44 -9.73433e-05 -9.73275e-05 5.57578
12764.8 2 -0.00415698  -0.0754247     -8.2546    -13.2648    -3.32575 -0.0050201 -0.0754247    -8.2546   -13.2648   -3.32575  -0.0010511 1.68156e-44 1.68156e-44  0.00221951   0.0022189 -5.3478
12824.6 2 -0.00701796  -0.0754247    -8.25643    -13.2648    -3.32575 -0.00638892  -0.0754247     -8.2557    -13.2648    -3.32575   0.0011078 1.68156e-44   0.0116405  0.00028396 0.000283185 6.21873
12878.4 2 -0.0013827 -0.0754247    -8.2546   -13.2657    -3.3266 -0.00209864  -0.0754247     -8.2546    -13.2649    -3.32582 -0.00106701 1.68156e-44 3.13288e-18  0.00851349  0.00852458 -5.85876
12933 2 -0.00996564  -0.0754247    -8.25643    -13.2648    -3.32575 -0.0093942 -0.0754247    -8.2546   -13.2657    -3.3266   0.00111561  1.68156e-44  2.67159e-05 -0.000464395 -0.000464888 5.49078
12998.2 2 -0.00505285  -0.0754247     -8.2546    -13.2657     -3.3266 -0.0062559 -0.0754247    -8.2546   -13.2657    -3.3249  -0.00107655  1.68156e-44  1.68156e-44 -0.000120166  0.000120578 -6.56871
13043.5 2 -0.0121908 -0.0754247    -8.2546   -13.2657    -3.3249 -0.0114748 -0.0754247    -8.2546   -13.2657    -3.3266   0.00107592  1.68156e-44    0.0035717  4.18509e-09 -8.37748e-09 3.65692
13112.1 2 -0.0106881 -0.0754247    -8.2546   -13.2665   -3.32575 -0.0115772 -0.0754247    -8.2546   -13.2657    -3.3249 -0.00106396 1.68156e-44 1.68156e-44 7.79943e-06 7.78152e-06 -7.85261
13178.4 2 -0.0269581 -0.0754247   -8.25643   -13.2657    -3.3249 -0.0252885 -0.0754247   -8.25643   -13.2657    -3.3249    0.0010824  1.68156e-44 -1.68156e-44  2.70546e-07  2.17381e-06 5.07781
13236 2 -0.0175949 -0.0754247    -8.2546   -13.2657    -3.3249 -0.0181891 -0.0754247    -8.2546   -13.2657    -3.3249 -0.00123864 1.68156e-44 1.68156e-44 5.82624e-05 5.81034e-05 -6.86469
13285.5 2 -0.0245017 -0.0754247   -8.25643   -13.2648   -3.32575 -0.0237901 -0.0754247   -8.25643   -13.2657    -3.3249   0.00109411  1.68156e-44 -2.37894e-15  8.13992e-10   8.1177e-10 4.33787
13310.1 2 -0.0225944 -0.0754247    -8.2546   -13.2657    -3.3249 -0.0227776 -0.0754247    -8.2559    -13.267   -3.32586 -0.00186277 1.68156e-44    0.012207  -0.0171043  -0.0104969 -2.31101
13366.1 2 -0.0230568 -0.0754247   -8.25643   -13.2657    -3.3249 -0.0222883 -0.0754247   -8.25643   -13.2657    -3.3249  0.00120809 1.68156e-44 1.68156e-44 0.000436458 0.000435456 6.15774
13411 2 -0.00415698  -0.0754247    -8.25643    -13.2657     -3.3249 -0.00492655  -0.0754247    -8.25643    -13.2657     -3.3249  -0.00113863  1.68156e-44 -1.68156e-44  3.48052e-32  3.47102e-32 -4.33687
13471.2 2 -0.00565972  -0.0754247    -8.25643    -13.2657     -3.3249 -0.00496994  -0.0754247    -8.25643    -13.2665    -3.32575   0.00106638  1.68156e-44 -1.68156e-44 -0.000743015 -0.000743227 6.24673
13514.2 2 -0.00311663  -0.0754247    -8.25643    -13.2657     -3.3249 -0.00371225  -0.0754247    -8.25643    -13.2657     -3.3249  -0.00119125  1.68156e-44 -1.68156e-44  9.11598e-08   9.0911e-08 -4.34187
13592.5 2 -0.0502505  0.0778153    8.26738   -15.9351   -12.0719 -0.0493098  0.0778005    8.26738   -15.9351   -12.0719   0.00114037 -1.68156e-44 -1.68156e-44  2.24208e-44  2.24208e-44 6.58571
13647.3 2 -0.0460891  0.0778005    8.26738   -15.9351   -12.0719 -0.0470362  0.0778005    8.26738   -15.9351   -12.0719  -0.00106991 -1.68156e-44 -1.68156e-44  1.53428e-24  1.53428e-24 -5.39179
13723.7 2 -0.0511175  0.0778005    8.26738   -15.9351   -12.0719 -0.0493081  0.0778005    8.26738   -15.9351   -12.0719   0.00118191 -1.68156e-44 -1.68156e-44  2.48487e-17  2.48487e-17 6.81169
13783.3 2 -0.0457134  0.0778005    8.26738   -15.9351   -12.0719 -0.0470651  0.0778005    8.26738   -15.9351   -12.0719  -0.00109639 -1.68156e-44 -1.68156e-44  2.24208e-44  2.24208e-44 -5.2188
13838.3 2 -0.0510597  0.0778005    8.26738   -15.9351   -12.0719 -0.0503411  0.0778005    8.26738   -15.9351   -12.0719    0.0010014 -1.68156e-44 -1.68156e-44  2.24208e-44  2.24208e-44 5.20281
13891.5 2 -0.0497592  0.0778005    8.26738   -15.9351   -12.0719 -0.0504979  0.0778005    8.26738   -15.9351   -12.0719  -0.00120192 -1.68156e-44 -1.68156e-44  1.40426e-26  1.40426e-26 -5.65977
13954.1 2 -0.0525624  0.0778005    8.26738   -15.9351   -12.0719 -0.0517889  0.0778005    8.26738   -15.9351   -12.0719   0.00106748 -1.68156e-44 -1.68156e-44  2.73679e-24  2.73679e-24 6.31772
14002.4 2 -0.0458001  0.0778005    8.26738   -15.9351   -12.0719 -0.0465119  0.0778005    8.26738   -15.9351   -12.0719  -0.00107793 -1.68156e-44 -1.68156e-44 -3.72611e-39 -3.72611e-39 -4.98882
14068.6 2 -0.0502505  0.0778005    8.26921   -15.9351   -12.0719 -0.049337 0.0778005   8.26921  -15.9351  -12.0719   0.00120653 -1.68156e-44  1.68156e-44  1.05356e-10  1.05356e-10 6.56071
14120 2 -0.0457134  0.0778005    8.26738   -15.9351   -12.0719 -0.0463669  0.0778005    8.26738   -15.9351   -12.0719  -0.00111762 -1.68156e-44 -1.68156e-44  2.24208e-44  2.24208e-44 -5.61578
14192.8 2 -0.0531404  0.0778005    8.26921   -15.9351   -12.0719 -0.0517939  0.0778005    8.26921   -15.9351   -12.0719    0.0011651 -1.68156e-44  1.68156e-44  2.24208e-44  2.24208e-44 6.56871
14245.8 2 -0.0456556  0.0778005    8.26738   -15.9351   -12.0719 -0.0463136  0.0778005    8.26738   -15.9351   -12.0719  -0.00108236 -1.68156e-44 -1.68156e-44  4.91668e-16  4.91668e-16 -5.84376
14292.8 2 -0.0542963  0.0778005    8.26738   -15.9351   -12.0719 -0.0535199  0.0778005    8.26738   -15.9351   -12.0719   0.00101057 -1.68156e-44 -1.68156e-44  5.10497e-08  5.10497e-08 3.8429
14354.7 2 -0.0525913  0.0778005    8.26921   -15.9351   -12.0719 -0.0534517  0.0778005    8.26921   -15.9351   -12.0719  -0.00105823 -1.68156e-44  1.68156e-44  2.24208e-44  2.24208e-44 -6.82969
14410.5 2 -0.0576197  0.0778005    8.26738   -15.9342   -12.0727 -0.0567882  0.0778005    8.26738   -15.9351   -12.0719   0.00107538 -1.68156e-44 -1.68156e-44 -1.03203e-09  1.03203e-09 5.02182
14471.8 2 -0.0522156  0.0778005    8.26738   -15.9351   -12.0719 -0.0531295  0.0778005    8.26738   -15.9351   -12.0719  -0.00116395 -1.68156e-44 -1.68156e-44  -6.2459e-17   6.2459e-17 -6.6177
14536.7 2 -0.0579954  0.0778005    8.26921   -15.9351   -12.0719 -0.0571691  0.0778005    8.26921   -15.9351   -12.0719   0.00122253 -1.68156e-44  1.68156e-44 -1.60678e-13  1.60678e-13 6.57671
14596.1 2 -0.0451354  0.0778005    8.26738   -15.9351   -12.0719 -0.0462269  0.0778005    8.26738   -15.9351   -12.0719  -0.00109831 -1.68156e-44 -1.68156e-44 -2.24208e-44  2.24208e-44 -5.82176
14648.3 2  -0.05525 0.0778005   8.26921  -15.9351  -12.0719 -0.0543943  0.0778005    8.26921   -15.9351   -12.0719   0.00120842 -1.68156e-44  1.68156e-44 -2.24208e-44  2.24208e-44 4.40286
14709.6 2 -0.0536895  0.0778005    8.26921   -15.9351   -12.0719 -0.0546025  0.0778005    8.26921   -15.9351   -12.0719  -0.00110816 -1.68156e-44  1.68156e-44 -5.34986e-19 -5.34986e-19 -6.56371
14777.7 2 -0.0579954  0.0778005    8.26921   -15.9351   -12.0719 -0.0571701  0.0778005    8.26921   -15.9351   -12.0719   0.00126494 -1.68156e-44 -1.68156e-44 -2.24208e-44  2.24208e-44 7.10167
14826.6 2 -0.0443552  0.0778005    8.26738   -15.9342   -12.0727 -0.0451284  0.0778005    8.26738   -15.9335    -12.072  -0.00106464 -1.68156e-44 -1.68156e-44   0.00831393   0.00831393 -4.83983
14888.4 2 -0.0506551  0.0778005    8.26738   -15.9342   -12.0727 -0.0497078  0.0778005    8.26921   -15.9342   -12.0727   0.00108386 -1.68156e-44  1.17144e-39 -2.37334e-10 -2.37334e-10 5.82276
14935 2 -0.0475051  0.0778005    8.26921   -15.9342   -12.0727 -0.0482526  0.0778005    8.26921   -15.9342   -12.0727  -0.00101663 -1.68156e-44  1.68156e-44 -1.10506e-11 -1.10506e-11 -4.61185
14997.2 2 -0.0524179   0.077771    8.26921   -15.9342   -12.0727 -0.0516205   0.077771    8.26921   -15.9342   -12.0727   0.00114046 -1.68156e-44 -1.68156e-44    4.984e-05    4.984e-05 6.18873
15052.2 2 -0.0470138   0.077771    8.26921   -15.9342   -12.0727 -0.0479322   0.077771    8.26921   -15.9342   -12.0727  -0.00108881 -1.68156e-44  1.68156e-44  2.24208e-44  2.24208e-44 -5.57678
38383.3 2 -0.053256  0.077771   8.26921  -15.9342  -12.0727 -0.053256  0.077771   8.26921  -15.9342  -12.0727   1.7108e-29 -1.68156e-44 -1.22709e-29  3.96537e-23  3.96537e-23 -5.57678
